0.667,30,19,65
B0,mixamorig_Hips,-1,0.9830309152603149,-0.17776338756084442,0.0452861525118351,0,0.16764064133167267,0.9707860350608826,0.17166996002197266,0,-0.07447978854179382,-0.1611650586128235,0.9841129779815674,0,0.017235999926924706,5.804049015045166,0.07921700179576874,1
B1,mixamorig_Spine,0,0.9915839433670044,0.1167362853884697,-0.05598117783665657,0,-0.12111269682645798,0.989206075668335,-0.08247706294059753,0,0.04574885219335556,0.08856295049190521,0.9950190186500549,0,0,0.6324750185012817,-0.08038199692964554,1
B2,mixamorig_Spine1,1,0.9996439218521118,0.021128728985786438,0.016297001391649246,0,-0.023243267089128494,0.9894639849662781,0.14290203154087067,0,-0.013105960562825203,-0.14322996139526367,0.9896030426025391,0,0,0.7438240051269531,0,1
B3,mixamorig_Spine2,2,0.9947350025177002,0.09652803093194962,0.03441806882619858,0,-0.09924596548080444,0.9910959601402283,0.08875821530818939,0,-0.025543956086039543,-0.0917067751288414,0.9954580068588257,0,0,0.8500829935073853,0,1
B4,mixamorig_Neck,3,0.9973649382591248,-0.06972311437129974,-0.020046917721629143,0,0.06850886344909668,0.9960809946060181,-0.055945396423339844,0,0.023869043216109276,0.05442459508776665,0.9982330203056335,0,0,0.9563440084457397,0,1
B5,mixamorig_Head,4,0.9978379607200623,0.009210671298205853,-0.06507507711648941,0,-0.031672265380620956,0.934967041015625,-0.3533167541027069,0,0.05758880451321602,0.35461416840553284,0.9332379698753357,0,0,0.5457550287246704,0.21793200075626373,1
B6,mixamorig_HeadTop_End,5,1,0,0,0,0,1,0,0,0,0,1,0,0,1.2317869663238525,0.4918789863586426,1
B7,mixamorig_LeftShoulder,3,0.12809637188911438,-0.02994290553033352,-0.9913099408149719,0,0.9241310358047485,-0.359182745218277,0.1302647739648819,0,-0.3599620461463928,-0.9327868819236755,-0.018338771536946297,0,0.4463689923286438,0.8244550228118896,-0.015371999703347683,1
B8,mixamorig_LeftArm,7,0.7877330780029297,-0.20877286791801453,-0.5795609951019287,0,0.6024061441421509,0.4577491581439972,0.65389084815979,0,0.12877880036830902,-0.8642220497131348,0.4863499402999878,0,0,0.9128890037536621,0,1
B9,mixamorig_LeftForeArm,8,0.1254148930311203,0.9872299432754517,-0.09822702407836914,0,-0.988457977771759,0.11585893481969833,-0.09761001169681549,0,-0.0849829837679863,0.10933495312929153,0.9903650283813477,0,0,1.7957290410995483,0,1
B10,mixamorig_LeftHand,9,0.9969210028648376,0.03352060541510582,-0.07089006155729294,0,-0.02223936654627323,0.9877709150314331,0.15432044863700867,0,0.07519598305225372,-0.15226858854293823,0.9854740500450134,0,0,1.7206850051879883,0,1
B11,mixamorig_LeftHandThumb1,10,0.8083082437515259,0.5151106715202332,-0.28512898087501526,0,-0.39962345361709595,0.8356569409370422,0.37680089473724365,0,0.43236422538757324,-0.1906270980834961,0.8813188672065735,0,-0.17560100555419922,0.24643899500370026,0.10856600105762482,1
B12,mixamorig_LeftHandThumb2,11,0.9541049003601074,-0.2956942617893219,0.04740804061293602,0,0.2985287308692932,0.9516570568084717,-0.07231200486421585,0,-0.02373397722840309,0.08314599096775055,0.9962549209594727,0,-0.017123999074101448,0.25661900639533997,0,1
B13,mixamorig_LeftHandThumb3,12,0.955062985420227,0.29602381587028503,0.014951982535421848,0,-0.29640114307403564,0.9539110064506531,0.046911127865314484,0,-0.0003760481486096978,-0.04923487454652786,0.998786985874176,0,-0.011699000373482704,0.2708989977836609,0,1
B14,mixamorig_LeftHandThumb4,13,1,0,0,0,0,1,0,0,0,0,1,0,0.028822999447584152,0.23684899508953094,0,1
B15,mixamorig_LeftHandIndex1,10,0.982607901096344,-0.14064425230026245,-0.12124919146299362,0,0.13757677376270294,0.11283504962921143,0.9840430617332458,0,-0.12471877038478851,-0.9836090803146362,0.13022193312644958,0,-0.22710999846458435,0.6945000290870667,0.011552000418305397,1
B16,mixamorig_LeftHandIndex2,15,0.9825329780578613,-0.16071295738220215,-0.09380902349948883,0,0.1479329913854599,0.36874493956565857,0.9176831245422363,0,-0.1128920465707779,-0.9155320525169373,0.3860790729522705,0,0.0031590000726282597,0.25551798939704895,0,1
B17,mixamorig_LeftHandIndex3,16,0.9907569289207458,-0.11864521354436874,-0.06575596332550049,0,0.12230787426233292,0.5717055797576904,0.8112912774085999,0,-0.05866274982690811,-0.8118347525596619,0.5809323787689209,0,-0.0008660000166855752,0.2355480045080185,0,1
B18,mixamorig_LeftHandIndex4,17,1,0,0,0,0,1,0,0,0,0,1,0,-0.0022929999977350235,0.22019299864768982,0,1
B19,mixamorig_LeftHandMiddle1,10,0.9809820652008057,-0.14258289337158203,-0.1316966414451599,0,0.1414843648672104,0.06079195439815521,0.988071858882904,0,-0.13287608325481415,-0.987913966178894,0.07980908453464508,0,-0.07571899890899658,0.7342259883880615,-0.0185759998857975,1
B20,mixamorig_LeftHandMiddle2,19,0.9869600534439087,-0.14680780470371246,-0.06600397080183029,0,0.13620515167713165,0.5432000756263733,0.8284809589385986,0,-0.08577415347099304,-0.8266680836677551,0.5561129450798035,0,0.0030449999030679464,0.2887429893016815,0,1
B21,mixamorig_LeftHandMiddle3,20,0.9881030321121216,-0.13115888833999634,-0.08030672371387482,0,0.13675528764724731,0.5104599595069885,0.8489570021629333,0,-0.07035494595766068,-0.849839985370636,0.5223240852355957,0,-0.00045200000749900937,0.2625980079174042,0,1
B22,mixamorig_LeftHandMiddle4,21,1,0,0,0,0,1,0,0,0,0,1,0,-0.002592999953776598,0.2471340000629425,0,1
B23,mixamorig_LeftHandRing1,10,0.9827380180358887,-0.1467140018939972,-0.11269498616456985,0,0.12605395913124084,0.08516363799571991,0.9883610606193542,0,-0.1354089379310608,-0.9855059385299683,0.10218746215105057,0,0.09050600230693817,0.7142429947853088,-0.01726200059056282,1
B24,mixamorig_LeftHandRing2,23,0.9840160608291626,-0.14568760991096497,-0.1024080291390419,0,0.15223516523838043,0.3898282051086426,0.9082168936729431,0,-0.0923943966627121,-0.9092900156974792,0.40577593445777893,0,0.0013569999719038606,0.27351000905036926,0,1
B25,mixamorig_LeftHandRing3,24,0.9864590167999268,-0.13100534677505493,-0.09866999834775925,0,0.1457638442516327,0.42455995082855225,0.8935890197753906,0,-0.07517366111278534,-0.8958719372749329,0.4379070997238159,0,-0.0004970000009052455,0.25196099281311035,0,1
B26,mixamorig_LeftHandRing4,25,1,0,0,0,0,1,0,0,0,0,1,0,-0.000859999970998615,0.2432669997215271,0,1
B27,mixamorig_LeftHandPinky1,10,0.9716169834136963,-0.16877099871635437,-0.16576407849788666,0,0.14532896876335144,-0.12704963982105255,0.9811919927597046,0,-0.18665701150894165,-0.977432906627655,-0.09891624748706818,0,0.21232299506664276,0.6454899907112122,-0.008539999835193157,1
B28,mixamorig_LeftHandPinky2,27,0.9830150008201599,-0.1580791175365448,-0.0932331532239914,0,0.1493038386106491,0.3934161961078644,0.9071558713912964,0,-0.10672298818826675,-0.9056680798530579,0.4103359282016754,0,0.0005810000002384186,0.26883000135421753,0,1
B29,mixamorig_LeftHandPinky3,28,0.984067976474762,-0.15482796728610992,-0.08739690482616425,0,0.1550670862197876,0.5069652199745178,0.8479037880897522,0,-0.08697199821472168,-0.8479471206665039,0.5228968262672424,0,-0.00030499999411404133,0.21305499970912933,0,1
B30,mixamorig_LeftHandPinky4,29,1,0,0,0,0,1,0,0,0,0,1,0,-0.00027600000612437725,0.19907300174236298,0,1
B31,mixamorig_RightShoulder,3,0.16443710029125214,0.09711498022079468,0.9815949201583862,0,-0.9450040459632874,-0.2697148025035858,0.18499182164669037,0,0.2827162742614746,-0.9580309391021729,0.047422971576452255,0,-0.4463689923286438,0.8248029947280884,-0.01810700073838234,1
B32,mixamorig_RightArm,31,0.8487188816070557,-0.45274826884269714,0.27330389618873596,0,0.2180127650499344,0.7703731060028076,0.5991628766059875,0,-0.481815904378891,-0.4489370584487915,0.7525350451469421,0,0,0.9128890037536621,0,1
B33,mixamorig_RightForeArm,32,0.12599602341651917,-0.987860918045044,0.0908549502491951,0,0.9890450239181519,0.11798884719610214,-0.08870378881692886,0,0.0769072026014328,0.10103604942560196,0.9919059872627258,0,0,1.7958500385284424,0,1
B34,mixamorig_RightHand,33,0.9297900795936584,-0.20543070137500763,-0.30543193221092224,0,0.08658318221569061,0.9285528659820557,-0.3609611690044403,0,0.3577621579170227,0.3091728091239929,0.8811460137367249,0,0,1.7203259468078613,0,1
B35,mixamorig_RightHandThumb1,34,0.8833531141281128,-0.44167187809944153,0.1568869650363922,0,0.3723861575126648,0.8646029829978943,0.3373279273509979,0,-0.2846331298351288,-0.23955707252025604,0.9282219409942627,0,0.17469699680805206,0.24640899896621704,0.10068199783563614,1
B36,mixamorig_RightHandThumb2,35,0.9201720356941223,0.3740009069442749,-0.11579098552465439,0,-0.3789580166339874,0.9251180291175842,-0.023417774587869644,0,0.09836192429065704,0.06542821228504181,0.9929969906806946,0,0.007493999786674976,0.25460299849510193,0,1
B37,mixamorig_RightHandThumb3,36,0.9344330430030823,-0.33016082644462585,-0.13352404534816742,0,0.32684117555618286,0.9439249038696289,-0.04670215770602226,0,0.14145593345165253,-0.0000011162643431816832,0.9899450540542603,0,0.006668000016361475,0.2778509855270386,0,1
B38,mixamorig_RightHandThumb4,37,1,0,0,0,0,1,0,0,0,0,1,0,-0.014162000268697739,0.25592899322509766,0,1
B39,mixamorig_RightHandIndex1,34,0.9942119121551514,0.07885224372148514,0.07297588139772415,0,-0.10275498032569885,0.4994948208332062,0.8602011203765869,0,0.03137771040201187,-0.8627209067344666,0.5047062039375305,0,0.2302429974079132,0.6923609972000122,0.010099999606609344,1
B40,mixamorig_RightHandIndex2,39,0.9840890169143677,0.15983571112155914,0.07760324329137802,0,-0.1498909741640091,0.5122911930084229,0.8456299304962158,0,0.09540638327598572,-0.8438069820404053,0.528097927570343,0,-0.0037410000804811716,0.26698100566864014,0,1
B41,mixamorig_RightHandIndex3,40,0.9932250380516052,0.10729984939098358,0.04462886229157448,0,-0.10396420955657959,0.6488210558891296,0.7538049221038818,0,0.05192703381180763,-0.7533380389213562,0.6555809378623962,0,0.0009929999941959977,0.2390100061893463,0,1
B42,mixamorig_RightHandIndex4,41,1,0,0,0,0,1,0,0,0,0,1,0,0.002747999969869852,0.2238370031118393,0,1
B43,mixamorig_RightHandMiddle1,34,0.990261971950531,0.1249452531337738,0.0613936185836792,0,-0.11027621477842331,0.43485912680625916,0.8937208652496338,0,0.08496861159801483,-0.8917880654335022,0.4444029629230499,0,0.06799600273370743,0.7112129926681519,-0.006479999981820583,1
B44,mixamorig_RightHandMiddle2,43,0.9822530150413513,0.16586211323738098,0.08757107704877853,0,-0.15101487934589386,0.42247098684310913,0.8937070369720459,0,0.11123590916395187,-0.8910709619522095,0.4400210678577423,0,-0.004373000003397465,0.2949160039424896,0,1
B45,mixamorig_RightHandMiddle3,44,0.9881429672241211,0.13226300477981567,0.07796918600797653,0,-0.13789387047290802,0.5412219762802124,0.8294969201087952,0,0.067513108253479,-0.8304129838943481,0.5530429482460022,0,0.0009050000226125121,0.2754960060119629,0,1
B46,mixamorig_RightHandMiddle4,45,1,0,0,0,0,1,0,0,0,0,1,0,0.0034680000972002745,0.25492799282073975,0,1
B47,mixamorig_RightHandRing1,34,0.9786059260368347,0.16548123955726624,0.12225081771612167,0,-0.15413808822631836,0.19611887633800507,0.9683899283409119,0,0.13627471029758453,-0.9665160179138184,0.21743012964725494,0,-0.08370999991893768,0.7350559830665588,-0.021409999579191208,1
B48,mixamorig_RightHandRing2,47,0.9797279834747314,0.16052815318107605,0.11984575539827347,0,-0.1678611785173416,0.3313140571117401,0.9284688830375671,0,0.10933878272771835,-0.9297639727592468,0.35154396295547485,0,-0.00120599998626858,0.27184998989105225,0,1
B49,mixamorig_RightHandRing3,48,0.9921290874481201,0.11337566375732422,0.053156718611717224,0,-0.109516441822052,0.5798311233520508,0.8073428869247437,0,0.060711126774549484,-0.8068100810050964,0.5876839756965637,0,0.00038300000596791506,0.2437489926815033,0,1
B50,mixamorig_RightHandRing4,49,1,0,0,0,0,1,0,0,0,0,1,0,0.0008229999803006649,0.23643000423908234,0,1
B51,mixamorig_RightHandPinky1,34,0.9681259989738464,0.20173503458499908,0.148441880941391,0,-0.17970818281173706,0.14666211605072021,0.9727259278297424,0,0.17446200549602509,-0.9683970808982849,0.17824077606201172,0,-0.21452799439430237,0.6578540205955505,-0.009744999930262566,1
B52,mixamorig_RightHandPinky2,51,0.9713540077209473,0.18224091827869415,0.152508944272995,0,-0.17089907824993134,0.08979012817144394,0.9811888933181763,0,0.16511906683444977,-0.9791459441184998,0.11836287379264832,0,-0.0005109999910928309,0.25810301303863525,0,1
B53,mixamorig_RightHandPinky3,52,0.9928290247917175,0.11629803478717804,0.027680495753884315,0,-0.0944695994257927,0.621350109577179,0.7778169512748718,0,0.07325928658246994,-0.7748540639877319,0.6278809309005737,0,0.0006760000251233578,0.20827099680900574,0,1
B54,mixamorig_RightHandPinky4,53,1,0,0,0,0,1,0,0,0,0,1,0,-0.00016500000492669642,0.19726599752902985,0,1
B55,mixamorig_LeftUpLeg,0,-0.9766048789024353,-0.19565725326538086,0.08921977877616882,0,0.18308599293231964,-0.5389258861541748,0.8222159147262573,0,-0.11278965324163437,0.8193150758743286,0.5621399283409119,0,0.5077270269393921,-0.35108301043510437,-0.07067500054836273,1
B56,mixamorig_LeftLeg,55,0.9996059536933899,-0.01874184049665928,0.02090165950357914,0,0.0016981313237920403,-0.7027980089187622,-0.7113879919052124,0,0.02802235819399357,0.7111430168151855,-0.7024891376495361,0,0,2.8902039527893066,0,1
B57,mixamorig_LeftFoot,56,0.9960790276527405,0.02574700303375721,0.08464301377534866,0,-0.08050396293401718,0.6605681777000427,0.7464368343353271,0,-0.03669396787881851,-0.7503241300582886,0.6600508093833923,0,0,2.636077880859375,0,1
B58,mixamorig_LeftToeBase,57,0.9930211305618286,0.0002139174030162394,0.1179417073726654,0,-0.06332124769687653,0.844620943069458,0.5316071510314941,0,-0.09950221329927444,-0.5353648066520691,0.8387390971183777,0,0,1.0432629585266113,0,1
B59,mixamorig_LeftToe_End,58,1,0,0,0,0,1,0,0,0,0,1,0,0,0.3789440095424652,0,1
B60,mixamorig_RightUpLeg,0,-0.9502940773963928,-0.31135499477386475,0.0004987971042282879,0,0.28935906291007996,-0.882565975189209,0.37060612440109253,0,-0.1149497851729393,0.35232892632484436,0.9287900328636169,0,-0.5077270269393921,-0.35108301043510437,-0.05432000011205673,1
B61,mixamorig_RightLeg,60,0.9971979260444641,-0.03486594930291176,0.06619014590978622,0,0.07250592112541199,0.668381929397583,-0.740276038646698,0,-0.018429871648550034,0.7430009245872498,0.6690371036529541,0,0,2.890990972518921,0,1
B62,mixamorig_RightFoot,61,0.9910449981689453,-0.07320889085531235,-0.11166803538799286,0,0.11193893849849701,-0.0004052567237522453,0.9937149286270142,0,-0.07279408723115921,-0.9973169565200806,0.007793304044753313,0,0,2.635232925415039,0,1
B63,mixamorig_RightToeBase,62,0.9932540059089661,0.006895292550325394,-0.11575240641832352,0,0.06278500705957413,0.8072669506072998,0.586837112903595,0,0.09748951345682144,-0.5901458263397217,0.8013882040977478,0,0,1.0274200439453125,0,1
B64,mixamorig_RightToe_End,63,1,0,0,0,0,1,0,0,0,0,1,0,0,0.3812449872493744,0,1
@52,0,1,2,3,4,5,7,8,9,10,11,12,13,15,16,17,19,20,21,23,24,25,27,28,29,31,32,33,34,35,36,37,39,40,41,43,44,45,47,48,49,51,52,53,55,56,57,58,60,61,62,63
K0,0.9830309152603149,-0.17776337265968323,0.045286182314157486,0,0.16764062643051147,0.9707860350608826,0.17166994512081146,0,-0.07447981834411621,-0.1611650437116623,0.9841129779815674,0,0.017235999926924706,5.804049015045166,0.07921700179576874,1,0.9915839433670044,0.11673629283905029,-0.05598116293549538,0,-0.12111270427703857,0.989206075668335,-0.08247706294059753,0,0.04574883356690407,0.08856295049190521,0.9950190186500549,0,0,0.6324750185012817,-0.08038199692964554,1,0.9996439218521118,0.021128728985786438,0.01629702001810074,0,-0.023243268951773643,0.9894639849662781,0.14290204644203186,0,-0.01310597825795412,-0.14322997629642487,0.9896030426025391,0,0,0.7438240051269531,0,1,0.9947350025177002,0.09652803093194962,0.03441805765032768,0,-0.09924596548080444,0.9910959601402283,0.08875821530818939,0,-0.025543944910168648,-0.0917067751288414,0.9954580068588257,0,0,0.8500829935073853,0,1,0.9973649382591248,-0.06972312182188034,-0.020046936348080635,0,0.06850886344909668,0.9960809946060181,-0.05594540759921074,0,0.023869063705205917,0.054424602538347244,0.9982330203056335,0,0,0.9563440084457397,0,1,0.9978379607200623,0.009210691787302494,-0.06507513672113419,0,-0.03167230635881424,0.934967041015625,-0.3533167541027069,0,0.0575888566672802,0.35461416840553284,0.9332379698753357,0,0,0.5457550287246704,0.21793200075626373,1,0.12809650599956512,-0.02994314581155777,-0.9913099408149719,0,0.9241310358047485,-0.359182745218277,0.130265012383461,0,-0.3599620461463928,-0.9327869415283203,-0.01833864115178585,0,0.4463689923286438,0.8244550228118896,-0.015371999703347683,1,0.7877330183982849,-0.20877280831336975,-0.5795611143112183,0,0.6024062633514404,0.45774903893470764,0.6538909077644348,0,0.1287788450717926,-0.8642221689224243,0.48634979128837585,0,0,0.9128890037536621,0,1,0.12541505694389343,0.9872299432754517,-0.09822700172662735,0,-0.988457977771759,0.11585909128189087,-0.09761005640029907,0,-0.08498300611972809,0.10933495312929153,0.9903650283813477,0,0,1.7957290410995483,0,1,0.9969210028648376,0.033520616590976715,-0.07089003175497055,0,-0.022239383310079575,0.9877709150314331,0.15432043373584747,0,0.07519595324993134,-0.15226857364177704,0.9854740500450134,0,0,1.7206850051879883,0,1,0.8083083033561707,0.5151106715202332,-0.2851288616657257,0,-0.39962345361709595,0.8356569409370422,0.37680089473724365,0,0.4323641359806061,-0.19062715768814087,0.8813189268112183,0,-0.17560100555419922,0.24643899500370026,0.10856600105762482,1,0.9541049003601074,-0.2956942617893219,0.047408029437065125,0,0.2985287308692932,0.9516570568084717,-0.07231200486421585,0,-0.023733966052532196,0.08314599096775055,0.9962549209594727,0,-0.017123999074101448,0.25661900639533997,0,1,0.955062985420227,0.29602381587028503,0.01495196670293808,0,-0.29640114307403564,0.9539110064506531,0.04691113159060478,0,-0.0003760324907489121,-0.049234870821237564,0.998786985874176,0,-0.011699000373482704,0.2708989977836609,0,1,0.982607901096344,-0.14064443111419678,-0.12124896049499512,0,0.13757656514644623,0.11283504962921143,0.9840430617332458,0,-0.12471897155046463,-0.9836090207099915,0.13022193312644958,0,-0.22710999846458435,0.6945000290870667,0.011552000418305397,1,0.9825329780578613,-0.16071298718452454,-0.09380904585123062,0,0.1479330211877823,0.3687449097633362,0.9176831245422363,0,-0.11289205402135849,-0.9155320525169373,0.3860790729522705,0,0.0031590000726282597,0.25551798939704895,0,1,0.9907569885253906,-0.11864522844552994,-0.06575583666563034,0,0.12230777740478516,0.5717055797576904,0.8112912774085999,0,-0.058662839233875275,-0.8118347525596619,0.5809323787689209,0,-0.0008660000166855752,0.2355480045080185,0,1,0.9809821248054504,-0.14258256554603577,-0.13169674575328827,0,0.14148443937301636,0.060791827738285065,0.9880719184875488,0,-0.1328757405281067,-0.9879140853881836,0.07980892062187195,0,-0.07571899890899658,0.7342259883880615,-0.0185759998857975,1,0.9869600534439087,-0.14680777490139008,-0.06600407510995865,0,0.13620522618293762,0.5432000756263733,0.8284809589385986,0,-0.08577407151460648,-0.8266680836677551,0.5561129450798035,0,0.0030449999030679464,0.2887429893016815,0,1,0.9881030321121216,-0.1311587244272232,-0.08030678331851959,0,0.13675525784492493,0.5104599595069885,0.8489570021629333,0,-0.07035478204488754,-0.849839985370636,0.5223240852355957,0,-0.00045200000749900937,0.2625980079174042,0,1,0.9827380180358887,-0.14671404659748077,-0.11269497871398926,0,0.12605395913124084,0.08516363054513931,0.9883610606193542,0,-0.13540896773338318,-0.9855059385299683,0.10218746215105057,0,0.09050600230693817,0.7142429947853088,-0.01726200059056282,1,0.9840160012245178,-0.14568759500980377,-0.10240830481052399,0,0.15223540365695953,0.38982805609703064,0.9082168936729431,0,-0.09239430725574493,-0.909290075302124,0.4057758152484894,0,0.0013569999719038606,0.27351000905036926,0,1,0.9864590167999268,-0.13100536167621613,-0.09866976737976074,0,0.14576363563537598,0.42455998063087463,0.8935890197753906,0,-0.0751737579703331,-0.8958719372749329,0.4379070997238159,0,-0.0004970000009052455,0.25196099281311035,0,1,0.9716169834136963,-0.16877105832099915,-0.16576404869556427,0,0.14532895386219025,-0.12704963982105255,0.9811921119689941,0,-0.18665704131126404,-0.9774330258369446,-0.09891624748706818,0,0.21232299506664276,0.6454899907112122,-0.008539999835193157,1,0.9830150008201599,-0.15807920694351196,-0.09323308616876602,0,0.14930380880832672,0.3934161961078644,0.9071559309959412,0,-0.10672309249639511,-0.9056680798530579,0.4103359282016754,0,0.0005810000002384186,0.26883000135421753,0,1,0.9840680360794067,-0.15482789278030396,-0.08739693462848663,0,0.1550670713186264,0.5069652795791626,0.8479037880897522,0,-0.08697192370891571,-0.8479471206665039,0.5228968262672424,0,-0.00030499999411404133,0.21305499970912933,0,1,0.164437398314476,0.09711506217718124,0.9815948605537415,0,-0.9450040459632874,-0.2697145342826843,0.18499211966991425,0,0.2827160358428955,-0.9580309987068176,0.04742301255464554,0,-0.4463689923286438,0.8248029947280884,-0.01810700073838234,1,0.8487188220024109,-0.45274826884269714,0.2733039855957031,0,0.2180127054452896,0.7703731060028076,0.5991628766059875,0,-0.48181596398353577,-0.4489370584487915,0.7525349855422974,0,0,0.9128890037536621,0,1,0.1259961873292923,-0.987860918045044,0.09085512906312943,0,0.9890450239181519,0.11798899620771408,-0.08870375156402588,0,0.07690712809562683,0.10103623569011688,0.9919059872627258,0,0,1.7958500385284424,0,1,0.9297900795936584,-0.20543071627616882,-0.30543187260627747,0,0.08658324182033539,0.9285528659820557,-0.3609611392021179,0,0.3577621281147003,0.30917277932167053,0.8811460137367249,0,0,1.7203259468078613,0,1,0.8833531141281128,-0.44167187809944153,0.15688693523406982,0,0.3723861575126648,0.8646029829978943,0.33732789754867554,0,-0.2846331000328064,-0.23955708742141724,0.9282219409942627,0,0.17469699680805206,0.24640899896621704,0.10068199783563614,1,0.9201720356941223,0.3740009069442749,-0.11579103022813797,0,-0.3789580166339874,0.9251180291175842,-0.023417774587869644,0,0.09836196154356003,0.065428227186203,0.9929969906806946,0,0.007493999786674976,0.25460299849510193,0,1,0.9344330430030823,-0.33016082644462585,-0.1335240602493286,0,0.32684117555618286,0.9439249038696289,-0.04670213535428047,0,0.14145594835281372,-0.000001140733843385533,0.9899450540542603,0,0.006668000016361475,0.2778509855270386,0,1,0.9942119121551514,0.07885218411684036,0.07297573238611221,0,-0.10275481641292572,0.4994948208332062,0.8602011203765869,0,0.03137773647904396,-0.8627209067344666,0.5047062039375305,0,0.2302429974079132,0.6923609972000122,0.010099999606609344,1,0.9840890169143677,0.1598358303308487,0.07760340720415115,0,-0.14989116787910461,0.5122911334037781,0.8456299304962158,0,0.0954064130783081,-0.8438069820404053,0.5280978679656982,0,-0.0037410000804811716,0.26698100566864014,0,1,0.9932250380516052,0.10729978233575821,0.04462893679738045,0,-0.10396422445774078,0.6488210558891296,0.7538049221038818,0,0.051926933228969574,-0.7533380389213562,0.6555809378623962,0,0.0009929999941959977,0.2390100061893463,0,1,0.9902620315551758,0.1249450221657753,0.061393462121486664,0,-0.11027596890926361,0.43485915660858154,0.8937208652496338,0,0.0849684625864029,-0.8917880654335022,0.4444029629230499,0,0.06799600273370743,0.7112129926681519,-0.006479999981820583,1,0.9822530150413513,0.16586217284202576,0.08757099509239197,0,-0.15101483464241028,0.42247098684310913,0.8937070369720459,0,0.11123599112033844,-0.8910709619522095,0.4400210678577423,0,-0.004373000003397465,0.2949160039424896,0,1,0.9881429672241211,0.13226309418678284,0.07796918600797653,0,-0.1378939151763916,0.5412219762802124,0.8294969201087952,0,0.06751318275928497,-0.8304129838943481,0.5530429482460022,0,0.0009050000226125121,0.2754960060119629,0,1,0.9786059856414795,0.1654811054468155,0.12225062400102615,0,-0.15413787961006165,0.19611892104148865,0.9683899283409119,0,0.13627462089061737,-0.9665160179138184,0.21743012964725494,0,-0.08370999991893768,0.7350559830665588,-0.021409999579191208,1,0.9797280430793762,0.16052798926830292,0.11984564363956451,0,-0.16786101460456848,0.3313140869140625,0.9284688830375671,0,0.10933864861726761,-0.9297639727592468,0.35154396295547485,0,-0.00120599998626858,0.27184998989105225,0,1,0.9921290874481201,0.11337549984455109,0.05315689742565155,0,-0.10951648652553558,0.579831063747406,0.8073428273200989,0,0.06071089953184128,-0.8068100810050964,0.587683916091919,0,0.00038300000596791506,0.2437489926815033,0,1,0.9681260585784912,0.20173488557338715,0.1484418660402298,0,-0.17970813810825348,0.1466621458530426,0.9727259278297424,0,0.17446187138557434,-0.9683970808982849,0.1782407909631729,0,-0.21452799439430237,0.6578540205955505,-0.009744999930262566,1,0.9713540077209473,0.18224085867404938,0.15250898897647858,0,-0.1708991378545761,0.08979012817144394,0.9811888933181763,0,0.1651189923286438,-0.9791460037231445,0.11836287379264832,0,-0.0005109999910928309,0.25810301303863525,0,1,0.9928290247917175,0.11629826575517654,0.02768048085272312,0,-0.09446972608566284,0.6213500499725342,0.7778170108795166,0,0.07325948029756546,-0.7748541235923767,0.627880871295929,0,0.0006760000251233578,0.20827099680900574,0,1,-0.9766049981117249,-0.1956571638584137,0.08921962976455688,0,0.1830858290195465,-0.5389261245727539,0.8222159147262573,0,-0.11278963088989258,0.8193150758743286,0.5621399879455566,0,0.5077270269393921,-0.35108301043510437,-0.07067500054836273,1,0.9996059536933899,-0.01874198205769062,0.020901590585708618,0,0.0016979824285954237,-0.7027980089187622,-0.7113879919052124,0,0.028022410348057747,0.7111430168151855,-0.7024891376495361,0,0,2.8902039527893066,0,1,0.9960789680480957,0.025747008621692657,0.08464302122592926,0,-0.08050397783517838,0.660568118095398,0.7464368939399719,0,-0.03669396787881851,-0.7503241300582886,0.6600507497787476,0,0,2.636077880859375,0,1,0.9930210709571838,0.00021382489649113268,0.117941714823246,0,-0.06332117319107056,0.844620943069458,0.5316071510314941,0,-0.09950227290391922,-0.5353648066520691,0.8387390971183777,0,0,1.0432629585266113,0,1,-0.9502940773963928,-0.31135496497154236,0.0004987797001376748,0,0.28935903310775757,-0.8825660347938538,0.37060609459877014,0,-0.1149497777223587,0.352328896522522,0.9287900328636169,0,-0.5077270269393921,-0.35108301043510437,-0.05432000011205673,1,0.9971979260444641,-0.03486602008342743,0.06619016081094742,0,0.07250598073005676,0.668381929397583,-0.740276038646698,0,-0.01842983067035675,0.7430009245872498,0.6690371036529541,0,0,2.890990972518921,0,1,0.9910449981689453,-0.07320895791053772,-0.11166813969612122,0,0.11193905770778656,-0.0004052723525092006,0.9937150478363037,0,-0.07279413938522339,-0.9973170757293701,0.0077933031134307384,0,0,2.635232925415039,0,1,0.9932539463043213,0.0068951682187616825,-0.11575248837471008,0,0.06278517097234726,0.807266891002655,0.586837112903595,0,0.09748949855566025,-0.5901458859443665,0.8013882040977478,0,0,1.0274200439453125,0,1
K0.035,0.9857029318809509,-0.14646853506565094,0.08329126238822937,0,0.12541502714157104,0.9678935408592224,0.21783791482448578,0,-0.11252348870038986,-0.20427751541137695,0.9724249839782715,0,0.018483614549040794,5.9223432540893555,0.10921426117420197,1,0.9929444193840027,0.0906466692686081,-0.07644718885421753,0,-0.09853538125753403,0.9894005656242371,-0.1066657230257988,0,0.06596797704696655,0.11344585567712784,0.9913513660430908,0,0,0.6324750185012817,-0.08038199692964554,1,0.9994915723800659,-0.006064009387046099,-0.03130654618144035,0,0.009513450786471367,0.993748128414154,0.1112392246723175,0,0.030436277389526367,-0.11148053407669067,0.9933009147644043,0,0,0.7438240051269531,0,1,0.9973526000976562,0.07125886529684067,-0.014524295926094055,0,-0.07029134035110474,0.9957929253578186,0.058786023408174515,0,0.018652204424142838,-0.05760941654443741,0.9981648325920105,0,0,0.8500829935073853,0,1,0.9985697269439697,-0.05316600948572159,-0.005617149639874697,0,0.053355857729911804,0.9976881146430969,0.04209331423044205,0,0.0033662281930446625,-0.04233280196785927,0.999097466468811,0,0,0.9563440084457397,0,1,0.9995689988136292,0.02646179497241974,-0.012723452411592007,0,-0.029358554631471634,0.9071516394615173,-0.41977906227111816,0,0.0004339919541962445,0.4199714958667755,0.9075371026992798,0,0,0.5457550287246704,0.21793200075626373,1,0.07516216486692429,-0.033591628074645996,-0.9966055154800415,0,0.9505029916763306,-0.299757719039917,0.08178886771202087,0,-0.3014875650405884,-0.9534239172935486,0.009398477151989937,0,0.4463689923286438,0.8244550228118896,-0.015371999703347683,1,0.730962336063385,-0.15991953015327454,-0.6634147763252258,0,0.6390628218650818,0.5013970732688904,0.5832666158676147,0,0.23935863375663757,-0.8503101468086243,0.4687012732028961,0,0,0.9128890037536621,0,1,0.176820307970047,0.9798250794410706,-0.09315051138401031,0,-0.9810436367988586,0.16783013939857483,-0.09687817841768265,0,-0.0792902484536171,0.10851477831602097,0.9909273982048035,0,0,1.7957290410995483,0,1,0.9938451647758484,0.007642580661922693,0.11051510274410248,0,-0.02069895714521408,0.9928589463233948,0.11748216301202774,0,-0.10882803052663803,-0.11904661357402802,0.9869061708450317,0,0,1.7206850051879883,0,1,0.8083088994026184,0.5151101350784302,-0.28512898087501526,0,-0.3996228873729706,0.8356572389602661,0.3768007457256317,0,0.43236395716667175,-0.1906272917985916,0.881318986415863,0,-0.17560100555419922,0.24643899500370026,0.10856600105762482,1,0.9718074202537537,-0.23564420640468597,0.007841791026294231,0,0.23403437435626984,0.9600669741630554,-0.15329734981060028,0,0.028594980016350746,0.15081071853637695,0.9881488084793091,0,-0.017123999074101448,0.25661900639533997,0,1,0.9419474005699158,0.33134546875953674,-0.05427306517958641,0,-0.32808542251586914,0.9426749348640442,0.061022333800792694,0,0.07138130813837051,-0.039673615247011185,0.9966594576835632,0,-0.011699000373482704,0.2708989977836609,0,1,0.988365113735199,-0.12753421068191528,-0.0828792005777359,0,0.12101641297340393,0.3293013572692871,0.936437726020813,0,-0.09213560819625854,-0.9355720281600952,0.3409036695957184,0,-0.22710999846458435,0.6945000290870667,0.011552000418305397,1,0.9853715896606445,-0.15258854627609253,-0.07588614523410797,0,0.14249153435230255,0.4934520423412323,0.8580220937728882,0,-0.09347821772098541,-0.8562840819358826,0.5079764127731323,0,0.0031590000726282597,0.25551798939704895,0,1,0.9930331707000732,-0.10681363940238953,-0.04976893961429596,0,0.1094447672367096,0.6794455647468567,0.7255173325538635,0,-0.0436798557639122,-0.7259096503257751,0.6864021420478821,0,-0.0008660000166855752,0.2355480045080185,0,1,0.9848211407661438,-0.1377822756767273,-0.10556425154209137,0,0.13789568841457367,0.2516956925392151,0.9579320549964905,0,-0.10541600733995438,-0.9579485654830933,0.2668748199939728,0,-0.07571899890899658,0.7342259883880615,-0.0185759998857975,1,0.9888019561767578,-0.13875694572925568,-0.05493736267089844,0,0.13010920584201813,0.6212225556373596,0.7727580666542053,0,-0.07309716939926147,-0.7712519764900208,0.6323192119598389,0,0.0030449999030679464,0.2887429893016815,0,1,0.9906551241874695,-0.12110526859760284,-0.06274084746837616,0,0.12526433169841766,0.6258631944656372,0.7698083519935608,0,-0.05396063253283501,-0.7704734802246094,0.6351845264434814,0,-0.00045200000749900937,0.2625980079174042,0,1,0.987064003944397,-0.13721659779548645,-0.08291810005903244,0,0.11778634786605835,0.26978275179862976,0.9556899070739746,0,-0.10876667499542236,-0.953093945980072,0.282455176115036,0,0.09050600230693817,0.7142429947853088,-0.01726200059056282,1,0.9869956374168396,-0.13758060336112976,-0.0831301361322403,0,0.14283563196659088,0.5134143829345703,0.8461705446243286,0,-0.07373641431331635,-0.8470401167869568,0.526388943195343,0,0.0013569999719038606,0.27351000905036926,0,1,0.9892778396606445,-0.12239935994148254,-0.07967562973499298,0,0.1341302990913391,0.545600175857544,0.8272419571876526,0,-0.0577828511595726,-0.8290591239929199,0.556167721748352,0,-0.0004970000009052455,0.25196099281311035,0,1,0.9765587449073792,-0.16864094138145447,-0.13376249372959137,0,0.1458837389945984,0.061606865376234055,0.9873814582824707,0,-0.15827243030071259,-0.9837508201599121,0.08476478606462479,0,0.21232299506664276,0.6454899907112122,-0.008539999835193157,1,0.9864335060119629,-0.14676497876644135,-0.07354898005723953,0,0.13976804912090302,0.5158456563949585,0.8452027440071106,0,-0.08610626310110092,-0.8440163731575012,0.5293607115745544,0,0.0005810000002384186,0.26883000135421753,0,1,0.9874125123023987,-0.14273424446582794,-0.06814130395650864,0,0.14290188252925873,0.6204355359077454,0.77112877368927,0,-0.06778918206691742,-0.7711596488952637,0.633022665977478,0,-0.00030499999411404133,0.21305499970912933,0,1,0.24893924593925476,0.1062295213341713,0.9626761078834534,0,-0.9304997324943542,-0.24952571094036102,0.26815345883369446,0,0.26869815587997437,-0.9625235199928284,0.03672977536916733,0,-0.4463689923286438,0.8248029947280884,-0.01810700073838234,1,0.8299990296363831,-0.5556104183197021,0.048979345709085464,0,0.4158206582069397,0.6749109029769897,0.6095796823501587,0,-0.37174567580223083,-0.4855841100215912,0.7912101149559021,0,0,0.9128890037536621,0,1,0.3034854233264923,-0.949884295463562,0.07493706792593002,0,0.9510229825973511,0.29712027311325073,-0.08529404550790787,0,0.05875415354967117,0.09715235978364944,0.9935334324836731,0,0,1.7958500385284424,0,1,0.9369159936904907,-0.14948728680610657,-0.31597721576690674,0,0.03855070471763611,0.9426183104515076,-0.33163997530937195,0,0.34742164611816406,0.2985374629497528,0.888916552066803,0,0,1.7203259468078613,0,1,0.8692031502723694,-0.474551796913147,0.1388731300830841,0,0.40639182925224304,0.8456298112869263,0.3460575342178345,0,-0.2816575765609741,-0.24435749650001526,0.9278783202171326,0,0.17469699680805206,0.24640899896621704,0.10068199783563614,1,0.9201720356941223,0.3740009069442749,-0.11579103767871857,0,-0.3789580166339874,0.9251180291175842,-0.023417798802256584,0,0.09836196154356003,0.0654282495379448,0.9929969906806946,0,0.007493999786674976,0.25460299849510193,0,1,0.934432864189148,-0.3301602602005005,-0.13352413475513458,0,0.3268407881259918,0.9439250826835632,-0.04670161008834839,0,0.14145587384700775,-0.0000016106184830277925,0.9899450540542603,0,0.006668000016361475,0.2778509855270386,0,1,0.9962770938873291,0.0557117685675621,0.06579038500785828,0,-0.08430421352386475,0.4700174331665039,0.8786215782165527,0,0.018026944249868393,-0.8808976411819458,0.47296467423439026,0,0.2302429974079132,0.6923609972000122,0.010099999606609344,1,0.9842591285705566,0.15926524996757507,0.07660984247922897,0,-0.14946499466896057,0.518807053565979,0.8417240977287292,0,0.09431162476539612,-0.8399247527122498,0.5344448685646057,0,-0.0037410000804811716,0.26698100566864014,0,1,0.9933499097824097,0.10648148506879807,0.04379430413246155,0,-0.10318595170974731,0.6545916199684143,0.7489071488380432,0,0.05107737332582474,-0.7484461069107056,0.661226212978363,0,0.0009929999941959977,0.2390100061893463,0,1,0.9910281300544739,0.12343472987413406,0.051260340958833694,0,-0.09412218630313873,0.3722310960292816,0.9233549237251282,0,0.09489335119724274,-0.9198951125144958,0.38050928711891174,0,0.06799600273370743,0.7112129926681519,-0.006479999981820583,1,0.9824243187904358,0.16538512706756592,0.08654891699552536,0,-0.15073387324810028,0.4294085204601288,0.8904426693916321,0,0.11010108888149261,-0.8878380060195923,0.4467903673648834,0,-0.004373000003397465,0.2949160039424896,0,1,0.9883024096488953,0.13169707357883453,0.07690992951393127,0,-0.13723397254943848,0.547961413860321,0.8251698613166809,0,0.06652875244617462,-0.8260716795921326,0.5596246719360352,0,0.0009050000226125121,0.2754960060119629,0,1,0.9794116020202637,0.16420915722846985,0.1174285039305687,0,-0.1447904109954834,0.16604462265968323,0.9754306674003601,0,0.1406761258840561,-0.9723497629165649,0.18640176951885223,0,-0.08370999991893768,0.7350559830665588,-0.021409999579191208,1,0.9799156188964844,0.160212442278862,0.11873641610145569,0,-0.1674741953611374,0.3379482328891754,0.9261443614959717,0,0.10825302451848984,-0.9274278879165649,0.3579919636249542,0,-0.00120599998626858,0.27184998989105225,0,1,0.9922683238983154,0.11256790161132812,0.05227385461330414,0,-0.10875612497329712,0.5856726765632629,0.8032181859016418,0,0.05980117991566658,-0.8026926517486572,0.5933865308761597,0,0.00038300000596791506,0.2437489926815033,0,1,0.9765164256095886,0.17643731832504272,0.12363301217556,0,-0.14454472064971924,0.1110198125243187,0.9832508563995361,0,0.1597563773393631,-0.9780308604240417,0.1339157223701477,0,-0.21452799439430237,0.6578540205955505,-0.009744999930262566,1,0.9714338183403015,0.18218643963336945,0.1520644873380661,0,-0.17087674140930176,0.09236280620098114,0.9809535145759583,0,0.16467148065567017,-0.9789165258407593,0.12085587531328201,0,-0.0005109999910928309,0.25810301303863525,0,1,0.9928860664367676,0.11587544530630112,0.02736900933086872,0,-0.09416815638542175,0.6235848665237427,0.776063084602356,0,0.07285982370376587,-0.7731202244758606,0.6300610899925232,0,0.0006760000251233578,0.20827099680900574,0,1,-0.9808076620101929,-0.14985962212085724,0.12473194301128387,0,0.17327700555324554,-0.37664997577667236,0.9100057482719421,0,-0.08939284831285477,0.9141539335250854,0.39538854360580444,0,0.5077270269393921,-0.35108301043510437,-0.07067500054836273,1,0.9937759637832642,-0.09382116049528122,0.06005118414759636,0,-0.004014052450656891,-0.5689009428024292,-0.8223965167999268,0,0.11132144182920456,0.8170374035835266,-0.5657370686531067,0,0,2.8902039527893066,0,1,0.9952365159988403,0.034348513931035995,0.09124269336462021,0,-0.09343767911195755,0.6031889915466309,0.792106568813324,0,-0.027828877791762352,-0.7968580722808838,0.6035245656967163,0,0,2.636077880859375,0,1,0.9929153919219971,-0.0011391047155484557,0.11882125586271286,0,-0.06369727104902267,0.8390434980392456,0.5403221249580383,0,-0.10031166672706604,-0.5440626740455627,0.8330264687538147,0,0,1.0432629585266113,0,1,-0.9637237787246704,-0.2423505336046219,-0.11181831359863281,0,0.21913889050483704,-0.9576346278190613,0.18685564398765564,0,-0.1523655205965042,0.15557338297367096,0.9760028123855591,0,-0.5077270269393921,-0.35108301043510437,-0.05432000011205673,1,0.9931370615959167,-0.012703469023108482,0.11626008152961731,0,0.07941194623708725,0.8030315637588501,-0.5906211733818054,0,-0.08585761487483978,0.5958004593849182,0.7985295057296753,0,0,2.890990972518921,0,1,0.9971567988395691,-0.06128630042076111,-0.043838370591402054,0,0.04717640578746796,0.054123908281326294,0.997418999671936,0,-0.05875547602772713,-0.9966521263122559,0.05686134099960327,0,0,2.635232925415039,0,1,0.9928956627845764,0.01222327072173357,-0.1183558851480484,0,0.0649448037147522,0.7777950763702393,0.6251536011695862,0,0.09969809651374817,-0.628399133682251,0.7714759111404419,0,0,1.0274200439453125,0,1
