9.867,30,295,65
B0,mixamorig_Hips,-1,0.9997950196266174,-0.0201370008289814,0.0023139999248087406,0,0.020191000774502754,0.9994440078735352,-0.026530999690294266,0,-0.00177800003439188,0.026572000235319138,0.9996449947357178,0,0.007633000146597624,6.413384914398193,0.07023700326681137,1
B1,mixamorig_Spine,0,0.9999960064888,0.0017960000550374389,0.0023380001075565815,0,-0.001534000039100647,0.9941719770431519,-0.10779500007629395,0,-0.002518000081181526,0.1077909991145134,0.9941700100898743,0,0,0.6212430000305176,-0.07801499962806702,1
B2,mixamorig_Spine1,1,0.9990609884262085,-0.003625999903306365,0.043163001537323,0,0.0028589998837560415,0.9998369812965393,0.017823999747633934,0,-0.04322100058197975,-0.017683999612927437,0.9989089965820312,0,0,0.7304750084877014,0,1
B3,mixamorig_Spine2,2,0.9990620017051697,-0.0028669999446719885,0.043209001421928406,0,0.0021039999555796385,0.9998409748077393,0.017702000215649605,0,-0.04325199872255325,-0.017595000565052032,0.9989089965820312,0,0,0.8348289728164673,0,1
B4,mixamorig_Neck,3,0.9995719790458679,-0.02365799993276596,-0.017229000106453896,0,0.02490900084376335,0.9967629909515381,0.07644499838352203,0,0.015363999642431736,-0.07684099674224854,0.9969249963760376,0,0,0.9391829967498779,0,1
B5,mixamorig_Head,4,0.9975690245628357,0.06154999881982803,0.032680999487638474,0,-0.06441199779510498,0.9933639764785767,0.09528599679470062,0,-0.026599999517202377,-0.09715999662876129,0.9949129819869995,0,0,0.5459480285644531,0.21803399920463562,1
B6,mixamorig_HeadTop_End,5,1,0,0,0,0,1,0,0,0,0,1,0,0,1.231768012046814,0.49192801117897034,1
B7,mixamorig_LeftShoulder,3,-0.1383959949016571,-0.011548999696969986,-0.99031001329422,0,0.9864910244941711,-0.09010200202465057,-0.1368120014667511,0,-0.08764799684286118,-0.9958660006523132,0.023862000554800034,0,0.4468570053577423,0.8072239756584167,-0.015376999974250793,1
B8,mixamorig_LeftArm,7,0.8417569994926453,0.4884119927883148,-0.22999900579452515,0,0.022061999887228012,0.3945600092411041,0.9186059832572937,0,0.5394060015678406,-0.7783169746398926,0.32134801149368286,0,0,0.9133260250091553,0,1
B9,mixamorig_LeftForeArm,8,0.8735049962997437,0.4862639904022217,-0.023166999220848083,0,-0.4867999851703644,0.8721110224723816,-0.049469999969005585,0,-0.003851999994367361,0.05449000000953674,0.998507022857666,0,0,1.8223439455032349,0,1
B10,mixamorig_LeftHand,9,0.9417920112609863,-0.3358820080757141,-0.014511999674141407,0,0.3289110064506531,0.9115909934043884,0.24661600589752197,0,-0.06960500031709671,-0.23703399300575256,0.9690049886703491,0,0,1.6396509408950806,0,1
B11,mixamorig_LeftHandThumb1,10,0.9286249876022339,0.3324039876461029,0.16481299698352814,0,-0.36728599667549133,0.88646399974823,0.28157201409339905,0,-0.0525050014257431,-0.32200801372528076,0.9452800154685974,0,-0.17537100613117218,0.2739880084991455,0.10757400095462799,1
B12,mixamorig_LeftHandThumb2,11,0.9553149938583374,-0.2926560044288635,-0.0415400005877018,0,0.29280298948287964,0.9561690092086792,-0.0026360000483691692,0,0.040490999817848206,-0.009643999859690666,0.9991329908370972,0,-0.010084999725222588,0.2739199995994568,0,1
B13,mixamorig_LeftHandThumb3,12,0.9944009780883789,0.10567499697208405,-0.0005869999877177179,0,-0.1055769994854927,0.9932100176811218,-0.04885999858379364,0,-0.004579999949783087,0.04864799976348877,0.9988049864768982,0,-0.013864999637007713,0.274401992559433,0,1
B14,mixamorig_LeftHandThumb4,13,1,0,0,0,0,1,0,0,0,0,1,0,0.0239499993622303,0.23720599710941315,0,1
B15,mixamorig_LeftHandIndex1,10,0.9974390268325806,0.07145299762487411,0.003106999909505248,0,-0.06832899898290634,0.9391859769821167,0.336542010307312,0,0.02112800069153309,-0.335891991853714,0.9416630268096924,0,-0.2271070033311844,0.7510669827461243,0.010635999962687492,1
B16,mixamorig_LeftHandIndex2,15,0.993323028087616,-0.11048100143671036,-0.03320299834012985,0,0.10939200222492218,0.8106709718704224,0.5751919746398926,0,-0.03663099929690361,-0.5749840140342712,0.8173440098762512,0,0.0031799999997019768,0.25551700592041016,0,1
B17,mixamorig_LeftHandIndex3,16,0.9984300136566162,-0.055137999355793,-0.009913000278174877,0,0.05560100078582764,0.9536290168762207,0.2958039939403534,0,-0.006856999825686216,-0.2958909869194031,0.9551969766616821,0,-0.0008720000041648746,0.2355480045080185,0,1
B18,mixamorig_LeftHandIndex4,17,1,0,0,0,0,1,0,0,0,0,1,0,-0.002308000111952424,0.22019299864768982,0,1
B19,mixamorig_LeftHandMiddle1,10,0.9989950060844421,0.04475900158286095,-0.002512000035494566,0,-0.03922099992632866,0.8997780084609985,0.43458300828933716,0,0.021710999310016632,-0.43404701352119446,0.9006279706954956,0,-0.07583799958229065,0.791471004486084,-0.019200999289751053,1
B20,mixamorig_LeftHandMiddle2,19,0.9967449903488159,-0.07904999703168869,-0.01581300050020218,0,0.07872500270605087,0.9122070074081421,0.4020960032939911,0,-0.017361000180244446,-0.4020319879055023,0.915461003780365,0,0.0030360000673681498,0.2887429893016815,0,1
B21,mixamorig_LeftHandMiddle3,20,0.9986820220947266,-0.0508279986679554,-0.007143999915570021,0,0.05097400024533272,0.9658420085906982,0.2540700137615204,0,-0.006014000158756971,-0.2540990114212036,0.9671599864959717,0,-0.000450999999884516,0.2625980079174042,0,1
B22,mixamorig_LeftHandMiddle4,21,1,0,0,0,0,1,0,0,0,0,1,0,-0.0025859999004751444,0.2471340000629425,0,1
B23,mixamorig_LeftHandRing1,10,0.999206006526947,0.03905799984931946,0.007922000251710415,0,-0.037324998527765274,0.847491979598999,0.5294950008392334,0,0.013968000188469887,-0.5293700098991394,0.8482760190963745,0,0.09045200049877167,0.7720289826393127,-0.017945000901818275,1
B24,mixamorig_LeftHandRing2,23,0.9982669949531555,-0.05821400135755539,-0.008570999838411808,0,0.05815799906849861,0.9539999961853027,0.2941110134124756,0,-0.008945000357925892,-0.29409998655319214,0.9557330012321472,0,0.0013429999817162752,0.27351000905036926,0,1
B25,mixamorig_LeftHandRing3,24,0.9993849992752075,-0.03486499935388565,-0.003771000076085329,0,0.03494799882173538,0.9812930226325989,0.18931999802589417,0,-0.0029009999707341194,-0.18933600187301636,0.9819080233573914,0,-0.0004920000210404396,0.25196099281311035,0,1
B26,mixamorig_LeftHandRing4,25,1,0,0,0,0,1,0,0,0,0,1,0,-0.0008510000188834965,0.2432669997215271,0,1
B27,mixamorig_LeftHandPinky1,10,0.9960070252418518,-0.06808000057935715,-0.05774899944663048,0,0.08900900185108185,0.7074829936027527,0.7011029720306396,0,-0.006874999962747097,-0.7034440040588379,0.7107179760932922,0,0.21249300241470337,0.7036290168762207,-0.009587000124156475,1
B28,mixamorig_LeftHandPinky2,27,0.999908983707428,-0.0009619999909773469,-0.013458999805152416,0,0.005853999871760607,0.929627001285553,0.36845600605010986,0,0.012157999910414219,-0.3685010075569153,0.9295480251312256,0,0.0005600000149570405,0.26883000135421753,0,1
B29,mixamorig_LeftHandPinky3,28,0.9996830224990845,-0.025126999244093895,-0.0018560000462457538,0,0.02515299990773201,0.9909440279006958,0.13190199434757233,0,-0.0014750000555068254,-0.13190700113773346,0.9912610054016113,0,-0.00029399999766610563,0.21305499970912933,0,1
B30,mixamorig_LeftHandPinky4,29,1,0,0,0,0,1,0,0,0,0,1,0,-0.00026599998818710446,0.19907300174236298,0,1
B31,mixamorig_RightShoulder,3,0.03495100140571594,-0.011345000006258488,0.9993249773979187,0,-0.9986699819564819,-0.038325998932123184,0.03449299931526184,0,0.03790900111198425,-0.9992009997367859,-0.012668999843299389,0,-0.4468570053577423,0.8075190186500549,-0.01772800087928772,1
B32,mixamorig_RightArm,31,0.8574740290641785,-0.49527299404144287,0.13943900167942047,0,0.03537900000810623,0.3271160125732422,0.9443219900131226,0,-0.5133100152015686,-0.8047980070114136,0.2980160117149353,0,0,0.9133260250091553,0,1
B33,mixamorig_RightForeArm,32,0.8908690214157104,-0.45382899045944214,0.019798999652266502,0,0.45425400137901306,0.8902450203895569,-0.03342600166797638,0,-0.0024560000747442245,0.03877200186252594,0.9992449879646301,0,0,1.8207279443740845,0,1
B34,mixamorig_RightHand,33,0.9263179898262024,0.3392319977283478,-0.16388200223445892,0,-0.3323279917240143,0.9406579732894897,0.06870900094509125,0,0.17746500670909882,-0.009182999841868877,0.9840840101242065,0,0,1.6296789646148682,0,1
B35,mixamorig_RightHandThumb1,34,0.976036012172699,-0.1599770039319992,0.14751699566841125,0,0.0975549966096878,0.9276350140571594,0.36052200198173523,0,-0.19451700150966644,-0.3374919891357422,0.9210119843482971,0,0.17094600200653076,0.2743130028247833,0.096219003200531,1
B36,mixamorig_RightHandThumb2,35,0.994271993637085,0.07297500222921371,0.07808800041675568,0,-0.07619799673557281,0.9963250160217285,0.03911300003528595,0,-0.07494600117206573,-0.04483899846673012,0.9961789846420288,0,0.004381000064313412,0.26975300908088684,0,1
B37,mixamorig_RightHandThumb3,36,0.9831389784812927,-0.18270599842071533,0.007459999993443489,0,0.18281899392604828,0.9812790155410767,-0.06056699901819229,0,0.003745999885722995,0.06090899929404259,0.9981359839439392,0,0.019096000120043755,0.28113099932670593,0,1
B38,mixamorig_RightHandThumb4,37,1,0,0,0,0,1,0,0,0,0,1,0,-0.02347699925303459,0.2535319924354553,0,1
B39,mixamorig_RightHandIndex1,34,0.9999169707298279,-0.0023330000694841146,0.012671000324189663,0,0.000048999998398358,0.9841449856758118,0.17736800014972687,0,-0.012884000316262245,-0.17735199630260468,0.9840630292892456,0,0.23031799495220184,0.75108402967453,0.009173000231385231,1
B40,mixamorig_RightHandIndex2,39,0.9912109971046448,0.12569600343704224,0.04125799983739853,0,-0.12424100190401077,0.7773079872131348,0.6167309880256653,0,0.045451000332832336,-0.6164360046386719,0.7860919833183289,0,-0.0037620000075548887,0.26698100566864014,0,1
B41,mixamorig_RightHandIndex3,40,0.9994639754295349,0.032641999423503876,0.002601000014692545,0,-0.03268799930810928,0.9898170232772827,0.13854099810123444,0,0.0019480000482872128,-0.1385519951581955,0.990352988243103,0,0.000999000039882958,0.2390100061893463,0,1
B42,mixamorig_RightHandIndex4,41,1,0,0,0,0,1,0,0,0,0,1,0,0.0027630000840872526,0.2238370031118393,0,1
B43,mixamorig_RightHandMiddle1,34,0.9985030293464661,0.040759000927209854,0.036486998200416565,0,-0.05056200176477432,0.942221999168396,0.3311519920825958,0,-0.02088100090622902,-0.33250099420547485,0.9428719878196716,0,0.06779699772596359,0.7725200057029724,-0.007160000037401915,1
B44,mixamorig_RightHandMiddle2,43,0.9945200085639954,0.10155099630355835,0.024829000234603882,0,-0.10086499899625778,0.8696420192718506,0.48326900601387024,0,0.027483999729156494,-0.4831250011920929,0.8751199841499329,0,-0.004368999972939491,0.2941490113735199,0,1
B45,mixamorig_RightHandMiddle3,44,0.9992219805717468,0.02881000004708767,-0.026938999071717262,0,-0.026187999173998833,0.9953140020370483,0.09307900071144104,0,0.02949400059878826,-0.09230200201272964,0.9952939748764038,0,0.0009250000002793968,0.27452901005744934,0,1
B46,mixamorig_RightHandMiddle4,45,1,0,0,0,0,1,0,0,0,0,1,0,0.0034439999144524336,0.2539049983024597,0,1
B47,mixamorig_RightHandRing1,34,0.999343991279602,0.028944000601768494,0.021764000877738,0,-0.03582499921321869,0.8779439926147461,0.47742199897766113,0,-0.005288999993354082,-0.47788798809051514,0.878404974937439,0,-0.08371099829673767,0.7934820055961609,-0.021980000659823418,1
B48,mixamorig_RightHandRing2,47,0.9969409704208374,0.07680600136518478,0.014440000057220459,0,-0.07668399810791016,0.9257230162620544,0.3703460097312927,0,0.015076999552547932,-0.37032100558280945,0.9287809729576111,0,-0.001184999942779541,0.27184998989105225,0,1
B49,mixamorig_RightHandRing3,48,0.998989999294281,0.03404799848794937,-0.029308000579476357,0,-0.029458999633789062,0.9890159964561462,0.1448429971933365,0,0.03391699865460396,-0.1438329964876175,0.9890210032463074,0,0.0003760000108741224,0.2437489926815033,0,1
B50,mixamorig_RightHandRing4,49,1,0,0,0,0,1,0,0,0,0,1,0,0.0008089999901130795,0.23643000423908234,0,1
B51,mixamorig_RightHandPinky1,34,0.9951040148735046,0.08342999964952469,0.05298199877142906,0,-0.098580002784729,0.7996479868888855,0.5923219919204712,0,0.0070500001311302185,-0.5946450233459473,0.8039569854736328,0,-0.21440400183200836,0.7160030007362366,-0.010765999555587769,1
B52,mixamorig_RightHandPinky2,51,0.9978929758071899,0.06414300203323364,0.009717999957501888,0,-0.06417600065469742,0.9540470242500305,0.2927039861679077,0,0.009503000415861607,-0.2927109897136688,0.9561539888381958,0,-0.0004990000161342323,0.25810301303863525,0,1
B53,mixamorig_RightHandPinky3,52,0.9997450113296509,0.022495999932289124,0.0017989999614655972,0,-0.02253499999642372,0.9908130168914795,0.13334700465202332,0,0.0012169999536126852,-0.13335399329662323,0.9910680055618286,0,0.0006600000197067857,0.20827099680900574,0,1
B54,mixamorig_RightHandPinky4,53,1,0,0,0,0,1,0,0,0,0,1,0,-0.0001610000035725534,0.19726599752902985,0,1
B55,mixamorig_LeftUpLeg,0,-0.9957079887390137,-0.0512240007519722,0.07708700001239777,0,0.06337899714708328,-0.9843270182609558,0.16457299888134003,0,0.06744799762964249,0.16875199973583221,0.98334801197052,0,0.5082719922065735,-0.3451569974422455,-0.06334900110960007,1
B56,mixamorig_LeftLeg,55,0.9870579838752747,0.05007600039243698,0.1523430049419403,0,0.022895000874996185,0.8962560296058655,-0.4429459869861603,0,-0.158719003200531,0.44070199131965637,0.8835099935531616,0,0,2.881934881210327,0,1
B57,mixamorig_LeftFoot,56,0.9928280115127563,-0.03856400027871132,0.1131569966673851,0,-0.09278199821710587,0.3483229875564575,0.9327710270881653,0,-0.07538600265979767,-0.936581015586853,0.34224700927734375,0,0,2.705148935317993,0,1
B58,mixamorig_LeftToeBase,57,0.9928500056266785,-0.0010479999473318458,0.11936400085687637,0,-0.0639989972114563,0.8394190073013306,0.5397040247917175,0,-0.1007630005478859,-0.5434849858283997,0.8333500027656555,0,0,1.0432629585266113,0,1
B59,mixamorig_LeftToe_End,58,1,0,0,0,0,1,0,0,0,0,1,0,0,0.3789440095424652,0,1
B60,mixamorig_RightUpLeg,0,-0.9661679863929749,0.08114100247621536,-0.24481600522994995,0,-0.12090899795293808,-0.9809499979019165,0.1520480066537857,0,-0.22781500220298767,0.17650499939918518,0.9575729966163635,0,-0.5082719922065735,-0.3451569974422455,-0.03913300111889839,1
B61,mixamorig_RightLeg,60,0.9972919821739197,-0.021508999168872833,-0.07032600045204163,0,-0.006994000170379877,0.9241999983787537,-0.38184499740600586,0,0.07320799678564072,0.38130301237106323,0.921546995639801,0,0,2.8818039894104004,0,1
B62,mixamorig_RightFoot,61,0.9868490099906921,0.08410400152206421,-0.1380389928817749,0,0.08717799931764603,0.4422079920768738,0.8926659822463989,0,0.13611799478530884,-0.8929610252380371,0.42906099557876587,0,0,2.7074151039123535,0,1
B63,mixamorig_RightToeBase,62,0.993615984916687,0,-0.11281199753284454,0,0.06157800182700157,0.8378850221633911,0.5423629879951477,0,0.09452299773693085,-0.54584801197052,0.832535982131958,0,0,1.0274200439453125,0,1
B64,mixamorig_RightToe_End,63,1,0,0,0,0,1,0,0,0,0,1,0,0,0.3812449872493744,0,1
@52,0,1,2,3,4,5,7,8,9,10,11,12,13,15,16,17,19,20,21,23,24,25,27,28,29,31,32,33,34,35,36,37,39,40,41,43,44,45,47,48,49,51,52,53,55,56,57,58,60,61,62,63
K0,0.9997950196266174,-0.020136836916208267,0.0023137677926570177,0,0.020191164687275887,0.9994440078735352,-0.02653086930513382,0,-0.001778232166543603,0.026572130620479584,0.9996449947357178,0,0.007633000146597624,6.413384914398193,0.07023700326681137,1,0.9999960064888,0.0017962438287213445,0.002338001038879156,0,-0.0015337563818320632,0.9941719770431519,-0.10779504477977753,0,-0.0025179991498589516,0.10779095441102982,0.9941700100898743,0,0,0.6212430000305176,-0.07801499962806702,1,0.9990609884262085,-0.003626124933362007,0.04316318780183792,0,0.0028588746208697557,0.9998369812965393,0.017824063077569008,0,-0.04322081059217453,-0.017683936282992363,0.9989089965820312,0,0,0.7304750084877014,0,1,0.9990620613098145,-0.0028671855106949806,0.04320856183767319,0,0.002103813923895359,0.9998409748077393,0.01770225539803505,0,-0.04325243830680847,-0.017594745382666588,0.9989089965820312,0,0,0.8348289728164673,0,1,0.9995719790458679,-0.023657940328121185,-0.01722865365445614,0,0.024909062311053276,0.9967629909515381,0.07644481211900711,0,0.015364347957074642,-0.07684119045734406,0.9969249367713928,0,0,0.9391829967498779,0,1,0.9975690245628357,0.06154989078640938,0.03268137574195862,0,-0.06441210955381393,0.9933639168739319,0.0952863022685051,0,-0.026599625125527382,-0.09715968370437622,0.9949130415916443,0,0,0.5459480285644531,0.21803399920463562,1,-0.1383962631225586,-0.011548765003681183,-0.9903098940849304,0,0.9864910840988159,-0.09010104835033417,-0.13681188225746155,0,-0.08764796704053879,-0.9958660006523132,0.0238624420017004,0,0.4468570053577423,0.8072239756584167,-0.015376999974250793,1,0.8417571187019348,0.48841187357902527,-0.22999896109104156,0,0.022061830386519432,0.3945598304271698,0.9186059832572937,0,0.5394060611724854,-0.7783169150352478,0.32134810090065,0,0,0.9133260250091553,0,1,0.8735049366950989,0.4862639904022217,-0.023166639730334282,0,-0.48680001497268677,0.8721110224723816,-0.04947008937597275,0,-0.0038516416680067778,0.05448991432785988,0.998507022857666,0,0,1.8223439455032349,0,1,0.9417920112609863,-0.33588191866874695,-0.014511922374367714,0,0.32891106605529785,0.9115909934043884,0.24661587178707123,0,-0.06960491836071014,-0.2370341420173645,0.9690049886703491,0,0,1.6396509408950806,0,1,0.9286249279975891,0.3324040174484253,0.16481289267539978,0,-0.36728593707084656,0.8864640593528748,0.2815718948841095,0,-0.05250508338212967,-0.3220081329345703,0.9452799558639526,0,-0.17537100613117218,0.2739880084991455,0.10757400095462799,1,0.9553149938583374,-0.2926560044288635,-0.04154008999466896,0,0.29280298948287964,0.9561690092086792,-0.0026364359073340893,0,0.04049091041088104,-0.009644435718655586,0.9991329908370972,0,-0.010084999725222588,0.2739199995994568,0,1,0.9944010376930237,0.1056748628616333,-0.0005871179164387286,0,-0.10557714104652405,0.9932100176811218,-0.04885981231927872,0,-0.004580117762088776,0.04864818602800369,0.9988049864768982,0,-0.013864999637007713,0.274401992559433,0,1,0.9974389672279358,0.0714532732963562,0.003107494907453656,0,-0.06832870841026306,0.9391860365867615,0.3365418016910553,0,0.021128494292497635,-0.3358922004699707,0.9416629076004028,0,-0.2271070033311844,0.7510669827461243,0.010635999962687492,1,0.9933230876922607,-0.11048086732625961,-0.033203013241291046,0,0.10939213633537292,0.8106708526611328,0.5751920938491821,0,-0.036631014198064804,-0.5749838948249817,0.817344069480896,0,0.0031799999997019768,0.25551700592041016,0,1,0.9984300136566162,-0.05513812601566315,-0.009912877343595028,0,0.05560087785124779,0.9536289572715759,0.2958041727542877,0,-0.006856877356767654,-0.29589080810546875,0.9551970362663269,0,-0.0008720000041648746,0.2355480045080185,0,1,0.9989950060844421,0.04475896805524826,-0.0025116344913840294,0,-0.039221037179231644,0.8997780680656433,0.43458297848701477,0,0.02171136625111103,-0.43404707312583923,0.9006279706954956,0,-0.07583799958229065,0.791471004486084,-0.019200999289751053,1,0.9967449903488159,-0.0790502205491066,-0.01581302471458912,0,0.07872477918863297,0.9122070670127869,0.4020959734916687,0,-0.017361024394631386,-0.4020320177078247,0.915461003780365,0,0.0030360000673681498,0.2887429893016815,0,1,0.9986819624900818,-0.05082796886563301,-0.007143938448280096,0,0.050974030047655106,0.965842068195343,0.25406986474990845,0,-0.006013938691467047,-0.25409916043281555,0.9671599864959717,0,-0.000450999999884516,0.2625980079174042,0,1,0.999206006526947,0.03905779868364334,0.007921496406197548,0,-0.03732519596815109,0.8474918603897095,0.529495120048523,0,0.01396749634295702,-0.5293698906898499,0.8482760787010193,0,0.09045200049877167,0.7720289826393127,-0.017945000901818275,1,0.9982669949531555,-0.05821413919329643,-0.008570842444896698,0,0.05815785750746727,0.9539999961853027,0.2941110134124756,0,-0.008944842964410782,-0.29409998655319214,0.955733060836792,0,0.0013429999817162752,0.27351000905036926,0,1,0.9993850588798523,-0.03486493602395058,-0.00377058912999928,0,0.03494805842638016,0.9812929630279541,0.18932031095027924,0,-0.0029005887918174267,-0.1893356740474701,0.9819080829620361,0,-0.0004920000210404396,0.25196099281311035,0,1,0.9960070252418518,-0.06808014214038849,-0.057748861610889435,0,0.08900885283946991,0.7074829339981079,0.7011030316352844,0,-0.0068748644553124905,-0.7034439444541931,0.7107179760932922,0,0.21249300241470337,0.7036290168762207,-0.009587000124156475,1,0.999908983707428,-0.0009620009805075824,-0.013459313660860062,0,0.005853998474776745,0.9296270608901978,0.3684558868408203,0,0.012157686054706573,-0.36850106716156006,0.9295479655265808,0,0.0005600000149570405,0.26883000135421753,0,1,0.9996830224990845,-0.02512737736105919,-0.0018560809548944235,0,0.025152619928121567,0.9909440875053406,0.13190211355686188,0,-0.0014750809641554952,-0.13190686702728271,0.9912610054016113,0,-0.00029399999766610563,0.21305499970912933,0,1,0.034950681030750275,-0.011344690807163715,0.9993250370025635,0,-0.9986701011657715,-0.03832591325044632,0.034492723643779755,0,0.03790867701172829,-0.9992010593414307,-0.012669152580201626,0,-0.4468570053577423,0.8075190186500549,-0.01772800087928772,1,0.8574739694595337,-0.49527308344841003,0.13943906128406525,0,0.03537890687584877,0.3271162509918213,0.944321870803833,0,-0.513309895992279,-0.8047980666160583,0.2980158030986786,0,0,0.9133260250091553,0,1,0.8908690810203552,-0.4538290202617645,0.019798872992396355,0,0.45425400137901306,0.8902450799942017,-0.033426061272621155,0,-0.0024561292957514524,0.03877194598317146,0.9992449879646301,0,0,1.8207279443740845,0,1,0.9263179898262024,0.33923211693763733,-0.1638820320367813,0,-0.3323279023170471,0.9406580328941345,0.06870858371257782,0,0.17746497690677643,-0.009183418937027454,0.9840840101242065,0,0,1.6296789646148682,0,1,0.9760360717773438,-0.1599770188331604,0.14751684665679932,0,0.09755496680736542,0.9276348948478699,0.36052218079566956,0,-0.194517120718956,-0.3374917507171631,0.9210120439529419,0,0.17094600200653076,0.2743130028247833,0.096219003200531,1,0.994271993637085,0.07297524064779282,0.07808761298656464,0,-0.07619776576757431,0.9963250756263733,0.039112962782382965,0,-0.07494639605283737,-0.0448390394449234,0.996178925037384,0,0.004381000064313412,0.26975300908088684,0,1,0.9831390380859375,-0.18270555138587952,0.007459764368832111,0,0.1828194409608841,0.9812789559364319,-0.06056670472025871,0,0.003745764261111617,0.060909293591976166,0.9981359839439392,0,0.019096000120043755,0.28113099932670593,0,1,0.9999169707298279,-0.0023332105483859777,0.012671034783124924,0,0.00004878938489127904,0.9841450452804565,0.1773676872253418,0,-0.01288396492600441,-0.17735227942466736,0.9840629696846008,0,0.23031799495220184,0.75108402967453,0.009173000231385231,1,0.9912110567092896,0.1256958395242691,0.04125761613249779,0,-0.1242411807179451,0.77730792760849,0.6167311072349548,0,0.04545062035322189,-0.6164360046386719,0.7860920429229736,0,-0.0037620000075548887,0.26698100566864014,0,1,0.9994639754295349,0.03264227136969566,0.002600891049951315,0,-0.032687727361917496,0.9898170232772827,0.13854114711284637,0,0.001947890967130661,-0.13855184614658356,0.9903530478477478,0,0.000999000039882958,0.2390100061893463,0,1,0.9985030889511108,0.04075881093740463,0.036486752331256866,0,-0.05056219547986984,0.942221999168396,0.3311519920825958,0,-0.020881248638033867,-0.33250096440315247,0.9428719878196716,0,0.06779699772596359,0.7725200057029724,-0.007160000037401915,1,0.9945200085639954,0.10155105590820312,0.024829072877764702,0,-0.10086493194103241,0.8696420788764954,0.4832688271999359,0,0.027484074234962463,-0.4831251800060272,0.8751199245452881,0,-0.004368999972939491,0.2941490113735199,0,1,0.9992219805717468,0.028810039162635803,-0.02693880721926689,0,-0.026187961921095848,0.9953140020370483,0.09307944774627686,0,0.029494190588593483,-0.09230155497789383,0.9952940344810486,0,0.0009250000002793968,0.27452901005744934,0,1,0.999343991279602,0.028943849727511406,0.021763920783996582,0,-0.035825155675411224,0.8779441118240356,0.4774218499660492,0,-0.005289080552756786,-0.47788822650909424,0.8784049153327942,0,-0.08371099829673767,0.7934820055961609,-0.021980000659823418,1,0.9969409108161926,0.07680622488260269,0.014440242201089859,0,-0.07668376713991165,0.9257229566574097,0.3703462779521942,0,0.015077241696417332,-0.37032073736190796,0.9287810921669006,0,-0.001184999942779541,0.27184998989105225,0,1,0.998989999294281,0.03404811769723892,-0.02930763177573681,0,-0.02945888601243496,0.989016056060791,0.14484277367591858,0,0.033917367458343506,-0.1438332349061966,0.9890210032463074,0,0.0003760000108741224,0.2437489926815033,0,1,0.9951039552688599,0.08343008160591125,0.05298229306936264,0,-0.09857992082834244,0.7996479272842407,0.5923221111297607,0,0.007050299551337957,-0.5946449041366577,0.8039571046829224,0,-0.21440400183200836,0.7160030007362366,-0.010765999555587769,1,0.9978929758071899,0.06414338946342468,0.009718306362628937,0,-0.06417561322450638,0.9540470838546753,0.29270389676094055,0,0.009503306820988655,-0.2927110493183136,0.9561539888381958,0,-0.0004990000161342323,0.25810301303863525,0,1,0.9997450113296509,0.02249600738286972,0.0017991543281823397,0,-0.022534994408488274,0.9908129572868347,0.13334716856479645,0,0.001217154203914106,-0.1333537995815277,0.9910680055618286,0,0.0006600000197067857,0.20827099680900574,0,1,-0.9957081079483032,-0.051223717629909515,0.07708663493394852,0,0.06337928026914597,-0.9843271374702454,0.16457289457321167,0,0.06744836270809174,0.16875210404396057,0.9833479523658752,0,0.5082719922065735,-0.3451569974422455,-0.06334900110960007,1,0.9870579838752747,0.05007604882121086,0.15234282612800598,0,0.022895049303770065,0.8962559103965759,-0.44294634461402893,0,-0.15871916711330414,0.4407016634941101,0.8835101127624512,0,0,2.881934881210327,0,1,0.9928280711174011,-0.03856392204761505,0.11315659433603287,0,-0.0927819237112999,0.34832289814949036,0.9327710270881653,0,-0.0753864049911499,-0.9365809559822083,0.34224700927734375,0,0,2.705148935317993,0,1,0.9928499460220337,-0.0010482093784958124,0.11936445534229279,0,-0.06399921327829361,0.8394187688827515,0.5397042036056519,0,-0.10076254606246948,-0.5434848070144653,0.8333502411842346,0,0,1.0432629585266113,0,1,-0.9661679863929749,0.08114063739776611,-0.24481603503227234,0,-0.12090936303138733,-0.9809499382972717,0.1520482897758484,0,-0.22781497240066528,0.17650474607944489,0.9575730562210083,0,-0.5082719922065735,-0.3451569974422455,-0.03913300111889839,1,0.9972919821739197,-0.02150893770158291,-0.07032579928636551,0,-0.006993938237428665,0.9241999983787537,-0.381845086812973,0,0.07320819795131683,0.38130295276641846,0.921546995639801,0,0,2.8818039894104004,0,1,0.9868490695953369,0.08410360664129257,-0.13803866505622864,0,0.08717761188745499,0.44220802187919617,0.8926660418510437,0,0.1361183226108551,-0.8929610848426819,0.4290608763694763,0,0,2.7074151039123535,0,1,0.9936160445213318,0,-0.11281172931194305,0,0.06157802417874336,0.8378848433494568,0.5423632264137268,0,0.09452328085899353,-0.5458476543426514,0.8325361013412476,0,0,1.0274200439453125,0,1
K0.033,0.9997538328170776,-0.02203493006527424,0.002633302938193083,0,0.02209789678454399,0.9993928074836731,-0.026927297934889793,0,-0.002038363367319107,0.026978865265846252,0.9996339082717896,0,0.019484873861074448,6.4107208251953125,0.06785327941179276,1,0.9999960064888,0.001814893912523985,0.0020849029533565044,0,-0.0015810822369530797,0.9942432641983032,-0.10713693499565125,0,-0.0022673429921269417,0.10713321715593338,0.9942421913146973,0,0,0.6212430000305176,-0.07801499962806702,1,0.9990770816802979,-0.003847929183393717,0.04278828203678131,0,0.003034645225852728,0.9998139142990112,0.019055884331464767,0,-0.04285360872745514,-0.018908433616161346,0.9989020228385925,0,0,0.7304750084877014,0,1,0.9990770816802979,-0.003064727643504739,0.04283833131194115,0,0.002254689810797572,0.9998179078102112,0.01894472911953926,0,-0.042888592928647995,-0.01883065700531006,0.9989020228385925,0,0,0.8348289728164673,0,1,0.999599039554596,-0.022815627977252007,-0.016796644777059555,0,0.024044303223490715,0.9967408180236816,0.07700321823358536,0,0.014985025860369205,-0.07737621665000916,0.9968898296356201,0,0,0.9391829967498779,0,1,0.997509777545929,0.06233968213200569,0.03297222778201103,0,-0.06520550698041916,0.993387758731842,0.09449323266744614,0,-0.02686353586614132,-0.09640790522098541,0.9949790239334106,0,0,0.5459480285644531,0.21803399920463562,1,-0.1358567476272583,-0.011361795477569103,-0.9906635880470276,0,0.9869056940078735,-0.08930408954620361,-0.13431717455387115,0,-0.08694419264793396,-0.9959391951560974,0.023345565423369408,0,0.4468570053577423,0.8072239756584167,-0.015376999974250793,1,0.8408776521682739,0.4905227720737457,-0.2287176251411438,0,0.020663948729634285,0.3931872248649597,0.919225811958313,0,0.5408304333686829,-0.7776832580566406,0.3204864263534546,0,0,0.9133260250091553,0,1,0.873691737651825,0.4859296977519989,-0.02314760349690914,0,-0.48646536469459534,0.8722999095916748,-0.049435652792453766,0,-0.00383059517480433,0.05445201322436333,0.9985089898109436,0,0,1.8223439455032349,0,1,0.9418651461601257,-0.3356253504753113,-0.015653638169169426,0,0.32891473174095154,0.9115188717842102,0.24687635898590088,0,-0.06858944147825241,-0.23767320811748505,0.9689210057258606,0,0,1.6396509408950806,0,1,0.9286582469940186,0.332319438457489,0.1647946834564209,0,-0.3671908676624298,0.8865512609481812,0.28142043948173523,0,-0.052577465772628784,-0.3218546211719513,0.9453281164169312,0,-0.17537100613117218,0.2739880084991455,0.10757400095462799,1,0.9553742408752441,-0.29248324036598206,-0.04138653725385666,0,0.29262739419937134,0.95622318983078,-0.0026723057962954044,0,0.040356386452913284,-0.009557785466313362,0.9991399645805359,0,-0.010084999725222588,0.2739199995994568,0,1,0.9943979978561401,0.10569515824317932,-0.0005831212038174272,0,-0.10559741407632828,0.9932089447975159,-0.04883189499378204,0,-0.004582137800753117,0.04861995950341225,0.9988069534301758,0,-0.013864999637007713,0.274401992559433,0,1,0.9974701404571533,0.0710165724158287,0.0030265720561146736,0,-0.0678509920835495,0.9385901093482971,0.33829864859580994,0,0.02118409238755703,-0.33764803409576416,0.9410338401794434,0,-0.2271070033311844,0.7510669827461243,0.010635999962687492,1,0.9933832287788391,-0.11004345118999481,-0.03287780284881592,0,0.10896887630224228,0.8126399517059326,0.5724878907203674,0,-0.03628072142601013,-0.5722823739051819,0.8192541003227234,0,0.0031799999997019768,0.25551700592041016,0,1,0.9984440207481384,-0.05488438904285431,-0.009815703146159649,0,0.05534099042415619,0.9541274905204773,0.2942402958869934,0,-0.006783770862966776,-0.2943257987499237,0.9556806087493896,0,-0.0008720000041648746,0.2355480045080185,0,1,0.9989929795265198,0.04479676112532616,-0.002427011961117387,0,-0.03924693167209625,0.8988744616508484,0.43644431233406067,0,0.021732879802584648,-0.4359097182750702,0.8997277617454529,0,-0.07583799958229065,0.791471004486084,-0.019200999289751053,1,0.9967749714851379,-0.07870928943157196,-0.01565876603126526,0,0.07838958501815796,0.9131417870521545,0.4000338912010193,0,-0.017187710851430893,-0.3999713063240051,0.9163669943809509,0,0.0030360000673681498,0.2887429893016815,0,1,0.9986920356750488,-0.05064571276307106,-0.007083098869770765,0,0.05078912898898125,0.9661418795585632,0.2529616355895996,0,-0.0059681423008441925,-0.25299036502838135,0.967449963092804,0,-0.000450999999884516,0.2625980079174042,0,1,0.9991759061813354,0.03971187397837639,0.008411204442381859,0,-0.0381174236536026,0.8466283082962036,0.5308176875114441,0,0.013958609662950039,-0.5307011604309082,0.8474447131156921,0,0.09045200049877167,0.7720289826393127,-0.017945000901818275,1,0.998276948928833,-0.058055758476257324,-0.008520848117768764,0,0.05800025165081024,0.954288899898529,0.2932041883468628,0,-0.008890841156244278,-0.29319319128990173,0.9560118913650513,0,0.0013429999817162752,0.27351000905036926,0,1,0.9993879795074463,-0.034775398671627045,-0.0037513338029384613,0,0.03485802933573723,0.9813953638076782,0.18880824744701385,0,-0.002884340938180685,-0.18882352113723755,0.9820073246955872,0,-0.0004920000210404396,0.25196099281311035,0,1,0.9961093068122864,-0.06720750033855438,-0.05699639767408371,0,0.0878414735198021,0.7057352066040039,0.7030094265937805,0,-0.007023144047707319,-0.7052809000015259,0.7088930606842041,0,0.21249300241470337,0.7036290168762207,-0.009587000124156475,1,0.999908983707428,-0.000961998593993485,-0.013459312729537487,0,0.005854001268744469,0.9296268820762634,0.36845633387565613,0,0.012157686986029148,-0.3685016632080078,0.9295480847358704,0,0.0005600000149570405,0.26883000135421753,0,1,0.9996820092201233,-0.025130880996584892,-0.001856569666415453,0,0.025156142190098763,0.9909409284591675,0.1319221705198288,0,-0.0014755695592612028,-0.13192692399024963,0.9912580251693726,0,-0.00029399999766610563,0.21305499970912933,0,1,0.038873352110385895,-0.012155619449913502,0.99917072057724,0,-0.9984034895896912,-0.04148073121905327,0.038338884711265564,0,0.040980271995067596,-0.9990657567977905,-0.013748729601502419,0,-0.4468570053577423,0.8075190186500549,-0.01772800087928772,1,0.856778085231781,-0.49640440940856934,0.13969077169895172,0,0.0365351140499115,0.328634649515152,0.9437500238418579,0,-0.5143890380859375,-0.803480863571167,0.2997032403945923,0,0,0.9133260250091553,0,1,0.890393078327179,-0.45475974678993225,0.01983407884836197,0,0.4551856517791748,0.8897661566734314,-0.03349412977695465,0,-0.002415910130366683,0.038851141929626465,0.9992420077323914,0,0,1.8207279443740845,0,1,0.9264824986457825,0.33844590187072754,-0.16457121074199677,0,-0.33172208070755005,0.9409509897232056,0.0676078051328659,0,0.17773517966270447,-0.00804554671049118,0.9840453267097473,0,0,1.6296789646148682,0,1,0.9760379195213318,-0.15979456901550293,0.14770077168941498,0,0.09775163233280182,0.9284109473228455,0.35846617817878723,0,-0.19440798461437225,-0.33543863892555237,0.921784520149231,0,0.17094600200653076,0.2743130028247833,0.096219003200531,1,0.9944084286689758,0.07195506244897842,0.07728860527276993,0,-0.07515554875135422,0.9963961243629456,0.039327509701251984,0,-0.07418029010295868,-0.0449162982404232,0.9962330460548401,0,0.004381000064313412,0.26975300908088684,0,1,0.9831389784812927,-0.1827079951763153,0.00744268111884594,0,0.18282119929790497,0.9812840223312378,-0.060490500181913376,0,0.0037487116642296314,0.060831218957901,0.9981409907341003,0,0.019096000120043755,0.28113099932670593,0,1,0.9999160170555115,-0.003092951374128461,0.012575403787195683,0,0.0008008856093510985,0.9839707612991333,0.17832869291305542,0,-0.01292539481073618,-0.17830370366573334,0.9838908314704895,0,0.23031799495220184,0.75108402967453,0.009173000231385231,1,0.9912170767784119,0.12565448880195618,0.04122348129749298,0,-0.12420164793729782,0.7775042057037354,0.6164911985397339,0,0.045413460582494736,-0.6161966323852539,0.7862818837165833,0,-0.0037620000075548887,0.26698100566864014,0,1,0.999468982219696,0.03248700872063637,0.0025677813682705164,0,-0.03253113850951195,0.9899466633796692,0.1376499980688095,0,0.0019298701081424952,-0.1376604437828064,0.9904778599739075,0,0.000999000039882958,0.2390100061893463,0,1,0.9985330700874329,0.04003144055604935,0.03645441681146622,0,-0.04993242025375366,0.9411877989768982,0.33417266607284546,0,-0.020933054387569427,-0.3355029225349426,0.9418066740036011,0,0.06779699772596359,0.7725200057029724,-0.007160000037401915,1,0.9945430159568787,0.10135398060083389,0.02471519447863102,0,-0.10067355632781982,0.8703010678291321,0.48212072253227234,0,0.027355216443538666,-0.4819783866405487,0.8757562637329102,0,-0.004368999972939491,0.2941490113735199,0,1,0.999220073223114,0.028536245226860046,-0.027297792956233025,0,-0.025926964357495308,0.9954603910446167,0.09158096462488174,0,0.029787234961986542,-0.09080175310373306,0.995423436164856,0,0.0009250000002793968,0.27452901005744934,0,1,0.9993880987167358,0.027807198464870453,0.02119690552353859,0,-0.03456716239452362,0.8769459128379822,0.47934362292289734,0,-0.005259338766336441,-0.4797832667827606,0.8773709535598755,0,-0.08371099829673767,0.7934820055961609,-0.021980000659823418,1,0.9969609379768372,0.07656905800104141,0.014343418180942535,0,-0.07644776999950409,0.926239013671875,0.3691028654575348,0,0.014976432546973228,-0.3690778315067291,0.9292780756950378,0,-0.001184999942779541,0.27184998989105225,0,1,0.998991072177887,0.033859338611364365,-0.02951054647564888,0,-0.029275724664330482,0.9891612529754639,0.14388614892959595,0,0.03406257554888725,-0.1428770124912262,0.9891543984413147,0,0.0003760000108741224,0.2437489926815033,0,1,0.9952324032783508,0.08227676898241043,0.052372731268405914,0,-0.09726468473672867,0.7975878119468689,0.5953100323677063,0,0.007208325434476137,-0.5975655317306519,0.8017875552177429,0,-0.21440400183200836,0.7160030007362366,-0.010765999555587769,1,0.9978989958763123,0.06406190991401672,0.009692143648862839,0,-0.06409408152103424,0.9541774392127991,0.29229792952537537,0,0.009477135725319386,-0.2923049330711365,0.9562784433364868,0,-0.0004990000161342323,0.25810301303863525,0,1,0.9997530579566956,0.022132370620965958,0.0017520575784146786,0,-0.02217051200568676,0.9910622835159302,0.13154752552509308,0,0.0011750609846785665,-0.13155391812324524,0.9913084506988525,0,0.0006600000197067857,0.20827099680900574,0,1,-0.995620846748352,-0.051491089165210724,0.07802864164113998,0,0.0639946237206459,-0.9838228225708008,0.16732659935951233,0,0.06815048307180405,0.17158712446689606,0.9828087687492371,0,0.5082719922065735,-0.3451569974422455,-0.06334900110960007,1,0.9872357845306396,0.04979541897773743,0.1512787640094757,0,0.02362884394824505,0.8935575485229492,-0.4483267664909363,0,-0.15750090777873993,0.4461787939071655,0.8809754252433777,0,0,2.881934881210327,0,1,0.9928019046783447,-0.036900825798511505,0.11394132673740387,0,-0.09434684365987778,0.3450687825679779,0.9338231682777405,0,-0.07377646863460541,-0.9378517866134644,0.3391036093235016,0,0,2.705148935317993,0,1,0.9928529858589172,-0.0010067718103528023,0.11933722347021103,0,-0.06398680806159973,0.8395921587944031,0.5394357442855835,0,-0.10073772072792053,-0.5432165861129761,0.8335273861885071,0,0,1.0432629585266113,0,1,-0.9657516479492188,0.08080653101205826,-0.24656304717063904,0,-0.12105032056570053,-0.9808329343795776,0.1526864618062973,0,-0.22949931025505066,0.17730391025543213,0.9570236802101135,0,-0.5082719922065735,-0.3451569974422455,-0.03913300111889839,1,0.9972527623176575,-0.02269410900771618,-0.07050672173500061,0,-0.006050844211131334,0.9237627387046814,-0.3829165995121002,0,0.07382149994373322,0.3822915852069855,0.9210885167121887,0,0,2.8818039894104004,0,1,0.9870495796203613,0.08590859174728394,-0.13546958565711975,0,0.08397142589092255,0.44284316897392273,0.8926579356193542,0,0.13667887449264526,-0.8924739360809326,0.42989465594291687,0,0,2.7074151039123535,0,1,0.9936160445213318,0,-0.11281173676252365,0,0.06157801300287247,0.8378839492797852,0.5423630475997925,0,0.09452326595783234,-0.5458479523658752,0.8325359225273132,0,0,1.0274200439453125,0,1
