1.567,30,47,65
B0,mixamorig_Hips,-1,0.4484719932079315,-0.013829000294208527,0.8936899900436401,0,-0.05830200016498566,0.997298002243042,0.04468899965286255,0,-0.8918930292129517,-0.07214599847793579,0.4464550018310547,0,-0.04822999984025955,5.744430065155029,0.007848000153899193,1
B1,mixamorig_Spine,0,0.9991639852523804,-0.0018390000332146883,-0.040842000395059586,0,0.0005830000154674053,0.9995279908180237,-0.0307219997048378,0,0.04087899997830391,0.03067299909889698,0.9986929893493652,0,0,0.6324750185012817,-0.08038199692964554,1
B2,mixamorig_Spine1,1,0.9984679818153381,0.03647900000214577,-0.04159599915146828,0,-0.0311489999294281,0.9920070171356201,0.12227600067853928,0,0.04572400078177452,-0.12079299986362457,0.9916239976882935,0,0,0.7438240051269531,0,1
B3,mixamorig_Spine2,2,0.9981840252876282,0.03745599836111069,-0.047175999730825424,0,-0.031530000269412994,0.9921969771385193,0.1206279993057251,0,0.051325999200344086,-0.11892099678516388,0.9915760159492493,0,0,0.8500829935073853,0,1
B4,mixamorig_Neck,3,0.9801160097122192,-0.036083001643419266,-0.19511699676513672,0,0.07228399813175201,0.9806870222091675,0.1817370057106018,0,0.18479099869728088,-0.19222800433635712,0.963795006275177,0,0,0.9563440084457397,0,1
B5,mixamorig_Head,4,0.8125280141830444,-0.28863200545310974,-0.5064470171928406,0,0.24274100363254547,0.957431972026825,-0.15620900690555573,0,0.5299760103225708,0.0039889998733997345,0.8480029702186584,0,0,0.5457550287246704,0.21793200075626373,1
B6,mixamorig_HeadTop_End,5,1,0,0,0,0,1,0,0,0,0,1,0,0,1.2317869663238525,0.4918789863586426,1
B7,mixamorig_LeftShoulder,3,0.02843800000846386,0.020390000194311142,-0.9993879795074463,0,0.8778970241546631,-0.4786069989204407,0.015216000378131866,0,-0.47800400853157043,-0.8777920007705688,-0.03151100128889084,0,0.4463689923286438,0.8244550228118896,-0.015371999703347683,1
B8,mixamorig_LeftArm,7,0.9371479749679565,-0.0467430017888546,0.34578800201416016,0,-0.15289999544620514,0.8357679843902588,0.5273640155792236,0,-0.3136489987373352,-0.5470889806747437,0.7760909795761108,0,0,0.9128890037536621,0,1
B9,mixamorig_LeftForeArm,8,-0.19549700617790222,0.9720609784126282,-0.1299169957637787,0,-0.9732699990272522,-0.2085849940776825,-0.09611000120639801,0,-0.12052399665117264,0.10765500366687775,0.9868559837341309,0,0,1.7957290410995483,0,1
B10,mixamorig_LeftHand,9,0.9958800077438354,-0.05256300047039986,-0.0738930031657219,0,0.031651001423597336,0.9651049971580505,-0.2599419951438904,0,0.08497799932956696,0.2565320134162903,0.9627929925918579,0,0,1.7206850051879883,0,1
B11,mixamorig_LeftHandThumb1,10,0.9178230166435242,0.38167598843574524,-0.1091959998011589,0,-0.3015879988670349,0.849232017993927,0.4334160089492798,0,0.25815701484680176,-0.3648670017719269,0.8945540189743042,0,-0.17560100555419922,0.24643899500370026,0.10856600105762482,1
B12,mixamorig_LeftHandThumb2,11,0.796055018901825,-0.5535200238227844,0.24476900696754456,0,0.49131500720977783,0.8271870017051697,0.27270999550819397,0,-0.35342100262641907,-0.09683399647474289,0.9304389953613281,0,-0.017123999074101448,0.25661900639533997,0,1
B13,mixamorig_LeftHandThumb3,12,0.5028089880943298,-0.8383139967918396,0.2107439935207367,0,0.8620799779891968,0.5041689872741699,-0.0512939989566803,0,-0.06324999779462814,0.20746900141239166,0.9761949777603149,0,-0.011699000373482704,0.2708989977836609,0,1
B14,mixamorig_LeftHandThumb4,13,1,0,0,0,0,1,0,0,0,0,1,0,0.028822999447584152,0.23684899508953094,0,1
B15,mixamorig_LeftHandIndex1,10,0.9852330088615417,-0.06735599786043167,-0.15741600096225739,0,0.1641860008239746,0.11080799996852875,0.9801859855651855,0,-0.04857800155878067,-0.9915570020675659,0.12023100256919861,0,-0.22710999846458435,0.6945000290870667,0.011552000418305397,1
B16,mixamorig_LeftHandIndex2,15,0.9579629898071289,-0.1522819995880127,-0.24313899874687195,0,0.1404300034046173,-0.49012500047683716,0.8602659702301025,0,-0.2501710057258606,-0.8582469820976257,-0.44813698530197144,0,0.0031590000726282597,0.25551798939704895,0,1
B17,mixamorig_LeftHandIndex3,16,0.9640259742736816,-0.14837400615215302,-0.2205439954996109,0,0.16601799428462982,-0.31187599897384644,0.9355059862136841,0,-0.20758700370788574,-0.9384660124778748,-0.2760240137577057,0,-0.0008660000166855752,0.2355480045080185,0,1
B18,mixamorig_LeftHandIndex4,17,1,0,0,0,0,1,0,0,0,0,1,0,-0.0022929999977350235,0.22019299864768982,0,1
B19,mixamorig_LeftHandMiddle1,10,0.9879879951477051,-0.06676799803972244,-0.13936300575733185,0,0.1450210064649582,0.08911199867725372,0.9854069948196411,0,-0.053373999893665314,-0.9937809705734253,0.09772499650716782,0,-0.07571899890899658,0.7342259883880615,-0.0185759998857975,1
B20,mixamorig_LeftHandMiddle2,19,0.961184024810791,-0.1618950068950653,-0.2234179973602295,0,0.15151800215244293,-0.367002010345459,0.9177970290184021,0,-0.23058199882507324,-0.9160240292549133,-0.3282270133495331,0,0.0030449999030679464,0.2887429893016815,0,1
B21,mixamorig_LeftHandMiddle3,20,0.9624710083007812,-0.14990900456905365,-0.2262209951877594,0,0.16511200368404388,-0.3380900025367737,0.9265170097351074,0,-0.21537600457668304,-0.9290980100631714,-0.3006500005722046,0,-0.00045200000749900937,0.2625980079174042,0,1
B22,mixamorig_LeftHandMiddle4,21,1,0,0,0,0,1,0,0,0,0,1,0,-0.002592999953776598,0.2471340000629425,0,1
B23,mixamorig_LeftHandRing1,10,0.9934319853782654,-0.07332699745893478,-0.08783599734306335,0,0.09083399921655655,0.03860599920153618,0.9951170086860657,0,-0.06957899779081345,-0.9965599775314331,0.04501299932599068,0,0.09050600230693817,0.7142429947853088,-0.01726200059056282,1
B24,mixamorig_LeftHandRing2,23,0.9598410129547119,-0.1684650033712387,-0.2243330031633377,0,0.16472700238227844,-0.30884599685668945,0.9367390275001526,0,-0.22709199786186218,-0.9360740184783936,-0.2686919867992401,0,0.0013569999719038606,0.27351000905036926,0,1
B25,mixamorig_LeftHandRing3,24,0.962677001953125,-0.16464099287986755,-0.21481600403785706,0,0.17139600217342377,-0.24341799318790436,0.9546579718589783,0,-0.20946599543094635,-0.9558460116386414,-0.2061139941215515,0,-0.0004970000009052455,0.25196099281311035,0,1
B26,mixamorig_LeftHandRing4,25,1,0,0,0,0,1,0,0,0,0,1,0,-0.000859999970998615,0.2432669997215271,0,1
B27,mixamorig_LeftHandPinky1,10,0.9936720132827759,-0.09414800256490707,-0.06125099956989288,0,0.05764999985694885,-0.040504999458789825,0.9975150227546692,0,-0.09639500081539154,-0.994733989238739,-0.03482099995017052,0,0.21232299506664276,0.6454899907112122,-0.008539999835193157,1
B28,mixamorig_LeftHandPinky2,27,0.9693530201911926,-0.11535800248384476,-0.2169020026922226,0,0.19652900099754333,-0.1656470000743866,0.9664040207862854,0,-0.1474120020866394,-0.9794149994850159,-0.1378989964723587,0,0.0005810000002384186,0.26883000135421753,0,1
B29,mixamorig_LeftHandPinky3,28,0.9455090165138245,-0.1514749974012375,-0.2882159948348999,0,0.15588000416755676,-0.566565990447998,0.8091380000114441,0,-0.28585800528526306,-0.8099740147590637,-0.5120810270309448,0,-0.00030499999411404133,0.21305499970912933,0,1
B30,mixamorig_LeftHandPinky4,29,1,0,0,0,0,1,0,0,0,0,1,0,-0.00027600000612437725,0.19907300174236298,0,1
B31,mixamorig_RightShoulder,3,0.1385129988193512,-0.01409399975091219,0.9902600049972534,0,-0.9861119985580444,-0.09448099881410599,0.13658800721168518,0,0.09163600206375122,-0.9954270124435425,-0.02698500081896782,0,-0.4463689923286438,0.8248029947280884,-0.01810700073838234,1
B32,mixamorig_RightArm,31,0.6883999705314636,-0.608223021030426,-0.3951829969882965,0,0.6729000210762024,0.3321459889411926,0.6609730124473572,0,-0.27076101303100586,-0.7209320068359375,0.637923002243042,0,0,0.9128890037536621,0,1
B33,mixamorig_RightForeArm,32,-0.5092229843139648,-0.8478440046310425,0.14782500267028809,0,0.8488600254058838,-0.5231069922447205,-0.07613100111484528,0,0.1418759971857071,0.08671499788761139,0.9860789775848389,0,0,1.7958500385284424,0,1
B34,mixamorig_RightHand,33,0.9336940050125122,0.059703998267650604,-0.35305801033973694,0,-0.04045400023460388,0.997277021408081,0.06165999919176102,0,0.3557780086994171,-0.04328899830579758,0.9335669875144958,0,0,1.7203259468078613,0,1
B35,mixamorig_RightHandThumb1,34,0.925823986530304,-0.37732499837875366,0.021795999258756638,0,0.3134729862213135,0.7988119721412659,0.5134530067443848,0,-0.21114900708198547,-0.46853500604629517,0.8578410148620605,0,0.17469699680805206,0.24640899896621704,0.10068199783563614,1
B36,mixamorig_RightHandThumb2,35,0.7902420163154602,0.6025440096855164,0.1116190031170845,0,-0.6126580238342285,0.780705988407135,0.12307800352573395,0,-0.012981999665498734,-0.1656460016965866,0.9861000180244446,0,0.007493999786674976,0.25460299849510193,0,1
B37,mixamorig_RightHandThumb3,36,0.5568310022354126,0.8301050066947937,-0.029412999749183655,0,-0.8154619932174683,0.5530589818954468,0.17072699964046478,0,0.15798799693584442,-0.0710809975862503,0.9848790168762207,0,0.006668000016361475,0.2778509855270386,0,1
B38,mixamorig_RightHandThumb4,37,1,0,0,0,0,1,0,0,0,0,1,0,-0.014162000268697739,0.25592899322509766,0,1
B39,mixamorig_RightHandIndex1,34,0.9768379926681519,0.08496200293302536,0.19638800621032715,0,-0.20431700348854065,0.09768500179052353,0.9740189909934998,0,0.06357099860906601,-0.9915840029716492,0.11278100311756134,0,0.2302429974079132,0.6923609972000122,0.010099999606609344,1
B40,mixamorig_RightHandIndex2,39,0.9526669979095459,0.16175200045108795,0.25741299986839294,0,-0.14872300624847412,-0.49052199721336365,0.8586440086364746,0,0.26515400409698486,-0.8562849760055542,-0.4432480037212372,0,-0.0037410000804811716,0.26698100566864014,0,1
B41,mixamorig_RightHandIndex3,40,0.9594330191612244,0.15692700445652008,0.2342280000448227,0,-0.176828995347023,-0.31213000416755676,0.9334380030632019,0,0.21959100663661957,-0.9369890093803406,-0.2717190086841583,0,0.0009929999941959977,0.2390100061893463,0,1
B42,mixamorig_RightHandIndex4,41,1,0,0,0,0,1,0,0,0,0,1,0,0.002747999969869852,0.2238370031118393,0,1
B43,mixamorig_RightHandMiddle1,34,0.9860399961471558,0.07852599769830704,0.14682799577713013,0,-0.15259699523448944,0.07332099974155426,0.9855650067329407,0,0.06662700325250626,-0.9942119717597961,0.08427999913692474,0,0.06799600273370743,0.7112129926681519,-0.006479999981820583,1
B44,mixamorig_RightHandMiddle2,43,0.9571999907493591,0.1714159995317459,0.23320700228214264,0,-0.1574310064315796,-0.3677619993686676,0.916496992111206,0,0.24286599457263947,-0.913985013961792,-0.3250350058078766,0,-0.004373000003397465,0.2949160039424896,0,1
B45,mixamorig_RightHandMiddle3,44,0.9593070149421692,0.15341299772262573,0.2370530068874359,0,-0.1743839979171753,-0.3384009897708893,0.924701988697052,0,0.22208000719547272,-0.9284120202064514,-0.2978779971599579,0,0.0009050000226125121,0.2754960060119629,0,1
B46,mixamorig_RightHandMiddle4,45,1,0,0,0,0,1,0,0,0,0,1,0,0.0034680000972002745,0.25492799282073975,0,1
B47,mixamorig_RightHandRing1,34,0.9918230175971985,0.09774599969387054,0.082055002450943,0,-0.08044599741697311,-0.020291000604629517,0.9965519905090332,0,0.09907399863004684,-0.9950039982795715,-0.012261999770998955,0,-0.08370999991893768,0.7350559830665588,-0.021409999579191208,1
B48,mixamorig_RightHandRing2,47,0.9565640091896057,0.18720999360084534,0.22346599400043488,0,-0.18418100476264954,-0.2060769945383072,0.9610459804534912,0,0.22596900165081024,-0.9604610204696655,-0.16264499723911285,0,-0.00120599998626858,0.27184998989105225,0,1
B49,mixamorig_RightHandRing3,48,0.9560670256614685,0.1792750060558319,0.23194000124931335,0,-0.18531399965286255,-0.24344900250434875,0.9520459771156311,0,0.22714300453662872,-0.9532009959220886,-0.19953200221061707,0,0.00038300000596791506,0.2437489926815033,0,1
B50,mixamorig_RightHandRing4,49,1,0,0,0,0,1,0,0,0,0,1,0,0.0008229999803006649,0.23643000423908234,0,1
B51,mixamorig_RightHandPinky1,34,0.9933159947395325,0.1153080016374588,0.005243999883532524,0,0.0019650000613182783,-0.06231800094246864,0.998054027557373,0,0.11541000008583069,-0.9913730025291443,-0.06212799996137619,0,-0.21452799439430237,0.6578540205955505,-0.009744999930262566,1
B52,mixamorig_RightHandPinky2,51,0.9537659883499146,0.1956000030040741,0.22819100320339203,0,-0.19709399342536926,-0.16614599525928497,0.9662039875984192,0,0.22690199315547943,-0.9665070176124573,-0.11991199851036072,0,-0.0005109999910928309,0.25810301303863525,0,1
B53,mixamorig_RightHandPinky3,52,0.9399430155754089,0.15964899957180023,0.30169299244880676,0,-0.1632930040359497,-0.5658439993858337,0.8081809878349304,0,0.29973700642585754,-0.8089079856872559,-0.5057920217514038,0,0.0006760000251233578,0.20827099680900574,0,1
B54,mixamorig_RightHandPinky4,53,1,0,0,0,0,1,0,0,0,0,1,0,-0.00016500000492669642,0.19726599752902985,0,1
B55,mixamorig_LeftUpLeg,0,-0.8633249998092651,-0.24887700378894806,0.43901100754737854,0,0.45319199562072754,-0.7650579810142517,0.4574970006942749,0,0.22200900316238403,0.5939249992370605,0.773281991481781,0,0.5077270269393921,-0.35108301043510437,-0.07067500054836273,1
B56,mixamorig_LeftLeg,55,0.9949390292167664,-0.07619400322437286,-0.0654980018734932,0,-0.0029460000805556774,0.629472017288208,-0.7770180106163025,0,0.10043399780988693,0.7732790112495422,0.6260619759559631,0,0,2.8902039527893066,0,1
B57,mixamorig_LeftFoot,56,0.9874529838562012,-0.1460680067539215,0.060012999922037125,0,-0.015316000208258629,0.28965601325035095,0.9570080041885376,0,-0.15717099606990814,-0.9459189772605896,0.28378400206565857,0,0,2.636077880859375,0,1
B58,mixamorig_LeftToeBase,57,0.9926490187644958,-0.004538999870419502,0.12094300240278244,0,-0.0646670013666153,0.8248010277748108,0.5617120265960693,0,-0.10230299830436707,-0.5654039978981018,0.8184450268745422,0,0,1.0432629585266113,0,1
B59,mixamorig_LeftToe_End,58,1,0,0,0,0,1,0,0,0,0,1,0,0,0.3789440095424652,0,1
B60,mixamorig_RightUpLeg,0,-0.9381179809570312,0.21384300291538239,-0.27240800857543945,0,-0.3111270070075989,-0.8658769726753235,0.3917349874973297,0,-0.15210199356079102,0.4522469937801361,0.8788269758224487,0,-0.5077270269393921,-0.35108301043510437,-0.05432000011205673,1
B61,mixamorig_RightLeg,60,0.9978150129318237,0.029311999678611755,0.05921399965882301,0,0.02936599962413311,0.6060850024223328,-0.7948570251464844,0,-0.05918800085783005,0.794858992099762,0.6039000153541565,0,0,2.890990972518921,0,1
B62,mixamorig_RightFoot,61,0.9771190285682678,0.20604899525642395,0.052751000970602036,0,-0.07094500213861465,0.08193200081586838,0.9941099882125854,0,0.20051300525665283,-0.9751060009002686,0.09467499703168869,0,0,2.635232925415039,0,1
B63,mixamorig_RightToeBase,62,0.9942579865455627,-0.0060629998333752155,-0.10683800280094147,0,0.059059999883174896,0.8636549711227417,0.5006120204925537,0,0.08923599869012833,-0.5040469765663147,0.8590540289878845,0,0,1.0274200439453125,0,1
B64,mixamorig_RightToe_End,63,1,0,0,0,0,1,0,0,0,0,1,0,0,0.3812449872493744,0,1
@52,0,1,2,3,4,5,7,8,9,10,11,12,13,15,16,17,19,20,21,23,24,25,27,28,29,31,32,33,34,35,36,37,39,40,41,43,44,45,47,48,49,51,52,53,55,56,57,58,60,61,62,63
K0,0.4484725296497345,-0.013828902505338192,0.8936898112297058,0,-0.0583019033074379,0.997298002243042,0.04468926414847374,0,-0.8918932676315308,-0.0721457377076149,0.44645458459854126,0,-0.04822999984025955,5.744430065155029,0.007848000153899193,1,0.9991640448570251,-0.0018385680159553885,-0.040841907262802124,0,0.000583432090934366,0.9995280504226685,-0.03072226420044899,0,0.04087909683585167,0.03067273646593094,0.9986929893493652,0,0,0.6324750185012817,-0.08038199692964554,1,0.9984679818153381,0.03647902235388756,-0.04159597307443619,0,-0.03114898130297661,0.9920070171356201,0.12227597087621689,0,0.04572402685880661,-0.12079302221536636,0.9916239976882935,0,0,0.7438240051269531,0,1,0.9981840252876282,0.03745587170124054,-0.047175951302051544,0,-0.03153013065457344,0.9921969771385193,0.12062776833772659,0,0.051326047629117966,-0.11892122030258179,0.9915759563446045,0,0,0.8500829935073853,0,1,0.9801160097122192,-0.03608325868844986,-0.19511699676513672,0,0.07228373736143112,0.9806869029998779,0.18173743784427643,0,0.18479099869728088,-0.1922275722026825,0.9637951254844666,0,0,0.9563440084457397,0,1,0.8125278949737549,-0.28863203525543213,-0.5064471960067749,0,0.24274098873138428,0.957431972026825,-0.15620918571949005,0,0.5299757719039917,0.003988830838352442,0.8480031490325928,0,0,0.5457550287246704,0.21793200075626373,1,0.02843773178756237,0.020390143617987633,-0.9993879795074463,0,0.8778969645500183,-0.4786073565483093,0.015215899795293808,0,-0.47800394892692566,-0.8777920603752136,-0.03151104226708412,0,0.4463689923286438,0.8244550228118896,-0.015371999703347683,1,0.9371479153633118,-0.04674296826124191,0.34578797221183777,0,-0.15289995074272156,0.835767924785614,0.5273640155792236,0,-0.3136489987373352,-0.5470889806747437,0.7760909795761108,0,0,0.9128890037536621,0,1,-0.19549690186977386,0.972061038017273,-0.129916712641716,0,-0.9732699394226074,-0.2085852175951004,-0.09611015766859055,0,-0.12052371352910995,0.10765484720468521,0.9868561029434204,0,0,1.7957290410995483,0,1,0.9958800077438354,-0.052562836557626724,-0.07389308512210846,0,0.03165115788578987,0.9651049971580505,-0.25994181632995605,0,0.08497790992259979,0.2565321922302246,0.9627929329872131,0,0,1.7206850051879883,0,1,0.9178229570388794,0.38167604804039,-0.10919584333896637,0,-0.30158790946006775,0.8492320775985718,0.4334159195423126,0,0.2581571638584137,-0.36486709117889404,0.8945538997650146,0,-0.17560100555419922,0.24643899500370026,0.10856600105762482,1,0.7960548400878906,-0.553520143032074,0.24476926028728485,0,0.4913148581981659,0.8271870017051697,0.2727103531360626,0,-0.3534207344055176,-0.09683363884687424,0.9304391741752625,0,-0.017123999074101448,0.25661900639533997,0,1,0.5028091073036194,-0.8383139371871948,0.21074382960796356,0,0.8620799779891968,0.5041688680648804,-0.05129384621977806,0,-0.06325015425682068,0.2074691504240036,0.9761948585510254,0,-0.011699000373482704,0.2708989977836609,0,1,0.9852328896522522,-0.06735625863075256,-0.15741661190986633,0,0.16418571770191193,0.11080827564001083,0.9801859259605408,0,-0.04857860878109932,-0.9915570020675659,0.12023089081048965,0,-0.22710999846458435,0.6945000290870667,0.011552000418305397,1,0.9579630494117737,-0.15228141844272614,-0.2431391179561615,0,0.1404305398464203,-0.4901253581047058,0.8602657318115234,0,-0.25017112493515015,-0.8582470417022705,-0.4481370449066162,0,0.0031590000726282597,0.25551798939704895,0,1,0.9640259742736816,-0.1483737826347351,-0.22054392099380493,0,0.16601818799972534,-0.3118763267993927,0.9355058670043945,0,-0.20758691430091858,-0.9384660720825195,-0.27602407336235046,0,-0.0008660000166855752,0.2355480045080185,0,1,0.9879879355430603,-0.0667676255106926,-0.13936330378055573,0,0.14502137899398804,0.0891122817993164,0.9854069352149963,0,-0.05337430164217949,-0.9937810301780701,0.09772460907697678,0,-0.07571899890899658,0.7342259883880615,-0.0185759998857975,1,0.9611839652061462,-0.16189523041248322,-0.2234179824590683,0,0.15151777863502502,-0.3670021593570709,0.9177969694137573,0,-0.23058196902275085,-0.9160240292549133,-0.3282267451286316,0,0.0030449999030679464,0.2887429893016815,0,1,0.9624708294868469,-0.14990906417369843,-0.22622162103652954,0,0.1651119589805603,-0.3380899429321289,0.9265170693397522,0,-0.21537663042545319,-0.9290979504585266,-0.30065006017684937,0,-0.00045200000749900937,0.2625980079174042,0,1,0.9934320449829102,-0.0733272060751915,-0.08783522248268127,0,0.09083377569913864,0.03860592842102051,0.9951169490814209,0,-0.06957822293043137,-0.9965599775314331,0.04501297324895859,0,0.09050600230693817,0.7142429947853088,-0.01726200059056282,1,0.9598410129547119,-0.16846497356891632,-0.2243329882621765,0,0.16472703218460083,-0.3088458180427551,0.9367390275001526,0,-0.2270919680595398,-0.9360739588737488,-0.2686920464038849,0,0.0013569999719038606,0.27351000905036926,0,1,0.962677001953125,-0.1646408885717392,-0.21481582522392273,0,0.17139607667922974,-0.24341796338558197,0.9546579122543335,0,-0.20946580171585083,-0.9558459520339966,-0.20611409842967987,0,-0.0004970000009052455,0.25196099281311035,0,1,0.9936720728874207,-0.0941479280591011,-0.061250943690538406,0,0.05765008181333542,-0.04050508141517639,0.997515082359314,0,-0.09639495611190796,-0.9947340488433838,-0.03482113033533096,0,0.21232299506664276,0.6454899907112122,-0.008539999835193157,1,0.9693530797958374,-0.11535803228616714,-0.21690168976783752,0,0.19652897119522095,-0.16564689576625824,0.9664040207862854,0,-0.14741168916225433,-0.9794150590896606,-0.137899249792099,0,0.0005810000002384186,0.26883000135421753,0,1,0.9455089569091797,-0.15147513151168823,-0.2882162928581238,0,0.1558801382780075,-0.5665661096572876,0.8091379404067993,0,-0.2858577370643616,-0.8099740743637085,-0.5120811462402344,0,-0.00030499999411404133,0.21305499970912933,0,1,0.13851307332515717,-0.014093729667365551,0.9902600049972534,0,-0.9861119389533997,-0.09448107331991196,0.1365881860256195,0,0.0916358232498169,-0.9954270124435425,-0.026984887197613716,0,-0.4463689923286438,0.8248029947280884,-0.01810700073838234,1,0.6883999705314636,-0.6082233190536499,-0.39518269896507263,0,0.6728999018669128,0.3321463465690613,0.6609730124473572,0,-0.2707606852054596,-0.7209321856498718,0.6379229426383972,0,0,0.9128890037536621,0,1,-0.5092229843139648,-0.8478440046310425,0.147825226187706,0,0.8488600850105286,-0.5231070518493652,-0.0761311873793602,0,0.14187577366828918,0.08671518415212631,0.9860789775848389,0,0,1.7958500385284424,0,1,0.933694064617157,0.05970389395952225,-0.35305798053741455,0,-0.04045410454273224,0.9972769618034363,0.0616600327193737,0,0.3557780385017395,-0.04328896850347519,0.9335669875144958,0,0,1.7203259468078613,0,1,0.9258239269256592,-0.37732505798339844,0.021795624867081642,0,0.3134729266166687,0.7988119721412659,0.5134530067443848,0,-0.2111494094133377,-0.46853503584861755,0.8578409552574158,0,0.17469699680805206,0.24640899896621704,0.10068199783563614,1,0.7902418375015259,0.6025441884994507,0.11161921918392181,0,-0.6126577854156494,0.7807061076164246,0.12307814508676529,0,-0.012981788255274296,-0.16564589738845825,0.9861000776290894,0,0.007493999786674976,0.25460299849510193,0,1,0.5568313598632812,0.8301047682762146,-0.029412807896733284,0,-0.8154622912406921,0.5530585646629333,0.17072694003582,0,0.15798817574977875,-0.07108104974031448,0.9848789572715759,0,0.006668000016361475,0.2778509855270386,0,1,0.9768381118774414,0.08496198058128357,0.19638752937316895,0,-0.20431703329086304,0.09768469631671906,0.9740189909934998,0,0.06357050687074661,-0.9915840029716492,0.11278128623962402,0,0.2302429974079132,0.6923609972000122,0.010099999606609344,1,0.9526668787002563,0.16175204515457153,0.2574133276939392,0,-0.14872296154499054,-0.4905221462249756,0.8586440086364746,0,0.26515433192253113,-0.8562849760055542,-0.4432479739189148,0,-0.0037410000804811716,0.26698100566864014,0,1,0.9594330191612244,0.15692687034606934,0.23422804474830627,0,-0.17682914435863495,-0.31213024258613586,0.9334379434585571,0,0.21959105134010315,-0.9369891285896301,-0.27171868085861206,0,0.0009929999941959977,0.2390100061893463,0,1,0.986039936542511,0.0785263404250145,0.14682821929454803,0,-0.15259666740894318,0.07332099974155426,0.9855650067329407,0,0.06662723422050476,-0.9942119121551514,0.08428029716014862,0,0.06799600273370743,0.7112129926681519,-0.006479999981820583,1,0.9572000503540039,0.17141522467136383,0.23320718109607697,0,-0.1574317365884781,-0.3677619695663452,0.916496992111206,0,0.2428661733865738,-0.9139848351478577,-0.3250354826450348,0,-0.004373000003397465,0.2949160039424896,0,1,0.9593071341514587,0.15341244637966156,0.23705288767814636,0,-0.17438450455665588,-0.33840104937553406,0.9247018098831177,0,0.22207988798618317,-0.9284120202064514,-0.2978779971599579,0,0.0009050000226125121,0.2754960060119629,0,1,0.9918230772018433,0.09774579107761383,0.08205471932888031,0,-0.08044622093439102,-0.020291093736886978,0.9965519905090332,0,0.09907371550798416,-0.9950039982795715,-0.012261893600225449,0,-0.08370999991893768,0.7350559830665588,-0.021409999579191208,1,0.9565640687942505,0.1872098743915558,0.22346554696559906,0,-0.18418113887310028,-0.2060767561197281,0.9610459804534912,0,0.22596853971481323,-0.9604610800743103,-0.16264525055885315,0,-0.00120599998626858,0.27184998989105225,0,1,0.9560671448707581,0.17927439510822296,0.23193998634815216,0,-0.1853145956993103,-0.24344958364963531,0.9520457983016968,0,0.22714298963546753,-0.9532010555267334,-0.1995318979024887,0,0.00038300000596791506,0.2437489926815033,0,1,0.9933159351348877,0.11530781537294388,0.005244266241788864,0,0.0019648249726742506,-0.06231798604130745,0.998054027557373,0,0.11541026830673218,-0.9913729429244995,-0.06212802231311798,0,-0.21452799439430237,0.6578540205955505,-0.009744999930262566,1,0.9537658095359802,0.19560009241104126,0.22819145023822784,0,-0.1970939040184021,-0.16614562273025513,0.9662041664123535,0,0.22690244019031525,-0.966506838798523,-0.11991234123706818,0,-0.0005109999910928309,0.25810301303863525,0,1,0.9399428963661194,0.159649059176445,0.30169323086738586,0,-0.16329306364059448,-0.5658442378044128,0.8081806898117065,0,0.29973673820495605,-0.808908224105835,-0.5057917833328247,0,0.0006760000251233578,0.20827099680900574,0,1,-0.863324761390686,-0.24887704849243164,0.43901145458221436,0,0.45319196581840515,-0.7650579810142517,0.45749714970588684,0,0.22200855612754822,0.593924880027771,0.7732822895050049,0,0.5077270269393921,-0.35108301043510437,-0.07067500054836273,1,0.9949389696121216,-0.07619418948888779,-0.06549832224845886,0,-0.0029461870435625315,0.629472017288208,-0.7770180702209473,0,0.10043366998434067,0.7732788920402527,0.6260620951652527,0,0,2.8902039527893066,0,1,0.9874529838562012,-0.14606773853302002,0.060012999922037125,0,-0.015315727330744267,0.28965580463409424,0.9570080637931824,0,-0.15717099606990814,-0.9459189772605896,0.2837841212749481,0,0,2.636077880859375,0,1,0.9926490187644958,-0.004538767505437136,0.12094275653362274,0,-0.06466677039861679,0.8248011469841003,0.5617119073867798,0,-0.10230325162410736,-0.5654040575027466,0.8184449672698975,0,0,1.0432629585266113,0,1,-0.9381178617477417,0.21384316682815552,-0.27240800857543945,0,-0.31112679839134216,-0.8658770322799683,0.3917349874973297,0,-0.15210197865962982,0.4522469937801361,0.8788269758224487,0,-0.5077270269393921,-0.35108301043510437,-0.05432000011205673,1,0.997814953327179,0.029311737045645714,0.05921439826488495,0,0.02936573512852192,0.6060850620269775,-0.7948570251464844,0,-0.059187598526477814,0.7948590517044067,0.6038999557495117,0,0,2.890990972518921,0,1,0.9771191477775574,0.20604859292507172,0.05275091156363487,0,-0.07094541937112808,0.08193174749612808,0.9941099882125854,0,0.20051291584968567,-0.9751060009002686,0.09467525035142899,0,0,2.635232925415039,0,1,0.994257926940918,-0.0060630738735198975,-0.10683804005384445,0,0.05905992537736893,0.8636550903320312,0.5006119012832642,0,0.08923595398664474,-0.504047155380249,0.8590539693832397,0,0,1.0274200439453125,0,1
K0.033,0.4500792622566223,-0.011117805726826191,0.8929188251495361,0,-0.058874860405921936,0.9973769783973694,0.04209452494978905,0,-0.8910459280014038,-0.07151645421981812,0.44824478030204773,0,-0.04121691361069679,5.743350982666016,-0.001044125878252089,1,0.9991469979286194,-0.0014403167879208922,-0.04127311334013939,0,0.00016967637930065393,0.9995260238647461,-0.030773121863603592,0,0.04129789024591446,0.030739881098270416,0.9986740350723267,0,0,0.6324750185012817,-0.08038199692964554,1,0.9984239339828491,0.03717619553208351,-0.04205051809549332,0,-0.031787823885679245,0.9919899702072144,0.12225019186735153,0,0.04625847563147545,-0.12072080373764038,0.9916080236434937,0,0,0.7438240051269531,0,1,0.9981369972229004,0.03815124183893204,-0.04761841520667076,0,-0.032170772552490234,0.9921810030937195,0.12058577686548233,0,0.051846589893102646,-0.11882920563220978,0.9915599822998047,0,0,0.8500829935073853,0,1,0.9806540012359619,-0.0330641008913517,-0.19293497502803802,0,0.06931381672620773,0.9804250597953796,0.1842900812625885,0,0.1830649971961975,-0.19409796595573425,0.9637500643730164,0,0,0.9563440084457397,0,1,0.8156599998474121,-0.28747016191482544,-0.5020548701286316,0,0.2412576526403427,0.9577680826187134,-0.1564481109380722,0,0.5258259773254395,0.0064838724210858345,0.8505669236183167,0,0,0.5457550287246704,0.21793200075626373,1,0.029088767245411873,0.019876303151249886,-0.9993788599967957,0,0.8824616074562073,-0.47010037302970886,0.016335932537913322,0,-0.4694839119911194,-0.8823890089988708,-0.031214600428938866,0,0.4463689923286438,0.8244550228118896,-0.015371999703347683,1,0.9393059611320496,-0.04263979569077492,0.3404190242290497,0,-0.15707986056804657,0.8286838531494141,0.5372231602668762,0,-0.30500689148902893,-0.5580899715423584,0.7716900706291199,0,0,0.9128890037536621,0,1,-0.1940278261899948,0.9723749756813049,-0.1297726035118103,0,-0.9735840559005737,-0.20710009336471558,-0.09614161401987076,0,-0.12036161124706268,0.10769039392471313,0.9868718981742859,0,0,1.7957290410995483,0,1,0.9954500198364258,-0.0551171638071537,-0.0777289941906929,0,0.03278689831495285,0.9640449285507202,-0.2637072503566742,0,0.0894690677523613,0.25995898246765137,0.9614660143852234,0,0,1.7206850051879883,0,1,0.9178229570388794,0.38167604804039,-0.10919584333896637,0,-0.30158790946006775,0.8492320775985718,0.4334159195423126,0,0.2581571638584137,-0.36486709117889404,0.8945538997650146,0,-0.17560100555419922,0.24643899500370026,0.10856600105762482,1,0.7960550785064697,-0.5535197854042053,0.24476930499076843,0,0.49131423234939575,0.8271868228912354,0.2727102041244507,0,-0.3534207344055176,-0.09683378785848618,0.9304391741752625,0,-0.017123999074101448,0.25661900639533997,0,1,0.5028091073036194,-0.8383139371871948,0.21074382960796356,0,0.8620799779891968,0.5041688680648804,-0.05129384621977806,0,-0.06325015425682068,0.2074691504240036,0.9761948585510254,0,-0.011699000373482704,0.2708989977836609,0,1,0.9852330088615417,-0.06735578924417496,-0.1574161946773529,0,0.16418522596359253,0.11080819368362427,0.9801859259605408,0,-0.04857819527387619,-0.9915571212768555,0.12023073434829712,0,-0.22710999846458435,0.6945000290870667,0.011552000418305397,1,0.9579630494117737,-0.15228141844272614,-0.2431391179561615,0,0.1404305398464203,-0.4901253581047058,0.8602657318115234,0,-0.25017112493515015,-0.8582470417022705,-0.4481370449066162,0,0.0031590000726282597,0.25551798939704895,0,1,0.9640257954597473,-0.1483742743730545,-0.22054453194141388,0,0.16601872444152832,-0.31187623739242554,0.9355060458183289,0,-0.20758752524852753,-0.9384660124778748,-0.2760236859321594,0,-0.0008660000166855752,0.2355480045080185,0,1,0.9879880547523499,-0.0667671337723732,-0.13936279714107513,0,0.14502087235450745,0.08911287039518356,0.9854070544242859,0,-0.053373780101537704,-0.9937809705734253,0.09772508591413498,0,-0.07571899890899658,0.7342259883880615,-0.0185759998857975,1,0.9611839652061462,-0.16189523041248322,-0.2234179824590683,0,0.15151777863502502,-0.3670021593570709,0.9177969694137573,0,-0.23058196902275085,-0.9160240292549133,-0.3282267451286316,0,0.0030449999030679464,0.2887429893016815,0,1,0.9624708294868469,-0.14990906417369843,-0.22622162103652954,0,0.1651119589805603,-0.3380899429321289,0.9265170693397522,0,-0.21537663042545319,-0.9290979504585266,-0.30065006017684937,0,-0.00045200000749900937,0.2625980079174042,0,1,0.9934320449829102,-0.0733267292380333,-0.08783572167158127,0,0.09083425253629684,0.03860592842102051,0.9951169490814209,0,-0.06957772374153137,-0.9965599775314331,0.04501296207308769,0,0.09050600230693817,0.7142429947853088,-0.01726200059056282,1,0.9598410129547119,-0.16846497356891632,-0.2243329882621765,0,0.16472703218460083,-0.3088458180427551,0.9367390275001526,0,-0.2270919680595398,-0.9360739588737488,-0.2686920464038849,0,0.0013569999719038606,0.27351000905036926,0,1,0.962677001953125,-0.1646408885717392,-0.21481582522392273,0,0.17139607667922974,-0.24341796338558197,0.9546579122543335,0,-0.20946580171585083,-0.9558459520339966,-0.20611409842967987,0,-0.0004970000009052455,0.25196099281311035,0,1,0.9936720132827759,-0.09414689242839813,-0.06125091761350632,0,0.05765010043978691,-0.040504999458789825,0.9975150227546692,0,-0.09639392048120499,-0.994733989238739,-0.03482110798358917,0,0.21232299506664276,0.6454899907112122,-0.008539999835193157,1,0.9693530797958374,-0.11535803228616714,-0.21690168976783752,0,0.19652897119522095,-0.16564689576625824,0.9664040207862854,0,-0.14741168916225433,-0.9794150590896606,-0.137899249792099,0,0.0005810000002384186,0.26883000135421753,0,1,0.9455089569091797,-0.15147513151168823,-0.2882162928581238,0,0.1558801382780075,-0.5665661096572876,0.8091379404067993,0,-0.2858577370643616,-0.8099740743637085,-0.5120811462402344,0,-0.00030499999411404133,0.21305499970912933,0,1,0.13891886174678802,-0.014267917722463608,0.9902009963989258,0,-0.9862950444221497,-0.09187260270118713,0.13704712688922882,0,0.08901694416999817,-0.9956690669059753,-0.026835275813937187,0,-0.4463689923286438,0.8248029947280884,-0.01810700073838234,1,0.6883669495582581,-0.6084350347518921,-0.3949138820171356,0,0.6728078722953796,0.3321101665496826,0.6610839366912842,0,-0.2710719406604767,-0.720770001411438,0.637973964214325,0,0,0.9128890037536621,0,1,-0.5074049830436707,-0.8489619493484497,0.14766216278076172,0,0.8499789834022522,-0.5212719440460205,-0.07623151689767838,0,0.14168985188007355,0.0868295207619667,0.9860961437225342,0,0,1.7958500385284424,0,1,0.934329092502594,0.05755889043211937,-0.3517318069934845,0,-0.03853607177734375,0.9974030256271362,0.060853295028209686,0,0.35432112216949463,-0.04330264776945114,0.9341209530830383,0,0,1.7203259468078613,0,1,0.9258239269256592,-0.37732505798339844,0.021795624867081642,0,0.3134729266166687,0.7988119721412659,0.5134530067443848,0,-0.2111494094133377,-0.46853503584861755,0.8578409552574158,0,0.17469699680805206,0.24640899896621704,0.10068199783563614,1,0.7902418375015259,0.6025441884994507,0.11161921918392181,0,-0.6126577854156494,0.7807061076164246,0.12307814508676529,0,-0.012981788255274296,-0.16564589738845825,0.9861000776290894,0,0.007493999786674976,0.25460299849510193,0,1,0.5568313598632812,0.8301047682762146,-0.029412807896733284,0,-0.8154622912406921,0.5530585646629333,0.17072694003582,0,0.15798817574977875,-0.07108104974031448,0.9848789572715759,0,0.006668000016361475,0.2778509855270386,0,1,0.9768379330635071,0.08496256172657013,0.19638802111148834,0,-0.20431745052337646,0.09768478572368622,0.9740180373191833,0,0.06357099860906601,-0.9915838837623596,0.11278160661458969,0,0.2302429974079132,0.6923609972000122,0.010099999606609344,1,0.9526668787002563,0.16175183653831482,0.257413387298584,0,-0.14872315526008606,-0.4905219078063965,0.8586440086364746,0,0.2651543915271759,-0.8562858700752258,-0.4432481527328491,0,-0.0037410000804811716,0.26698100566864014,0,1,0.9594327807426453,0.1569274514913559,0.23422758281230927,0,-0.176828533411026,-0.31213071942329407,0.9334381818771362,0,0.21959160268306732,-0.936988890171051,-0.2717190682888031,0,0.0009929999941959977,0.2390100061893463,0,1,0.986039936542511,0.0785263404250145,0.14682821929454803,0,-0.15259666740894318,0.07332099974155426,0.9855650067329407,0,0.06662723422050476,-0.9942119121551514,0.08428029716014862,0,0.06799600273370743,0.7112129926681519,-0.006479999981820583,1,0.9571998119354248,0.17141661047935486,0.23320616781711578,0,-0.15743044018745422,-0.3677615821361542,0.9164974093437195,0,0.24286715686321259,-0.9139849543571472,-0.3250351846218109,0,-0.004373000003397465,0.2949160039424896,0,1,0.9593071341514587,0.15341313183307648,0.23705241084098816,0,-0.17438384890556335,-0.33840104937553406,0.9247020483016968,0,0.22208042442798615,-0.9284121990203857,-0.29787805676460266,0,0.0009050000226125121,0.2754960060119629,0,1,0.991823136806488,0.09774628281593323,0.08205518126487732,0,-0.08044670522212982,-0.020290670916438103,0.9965519309043884,0,0.09907416999340057,-0.9950039386749268,-0.012261385098099709,0,-0.08370999991893768,0.7350559830665588,-0.021409999579191208,1,0.9565638899803162,0.18721090257167816,0.22346673905849457,0,-0.1841820776462555,-0.20607706904411316,0.9610459804534912,0,0.22596973180770874,-0.960460901260376,-0.16264507174491882,0,-0.00120599998626858,0.27184998989105225,0,1,0.9560672044754028,0.1792738288640976,0.2319393903017044,0,-0.18531416356563568,-0.24344979226589203,0.9520460367202759,0,0.22714239358901978,-0.9532010555267334,-0.19953227043151855,0,0.00038300000596791506,0.2437489926815033,0,1,0.9933159351348877,0.11530781537294388,0.005244266241788864,0,0.0019648249726742506,-0.06231798604130745,0.998054027557373,0,0.11541026830673218,-0.9913729429244995,-0.06212802231311798,0,-0.21452799439430237,0.6578540205955505,-0.009744999930262566,1,0.953765869140625,0.19559958577156067,0.22819103300571442,0,-0.19709350168704987,-0.16614596545696259,0.9662041664123535,0,0.22690200805664062,-0.9665070176124573,-0.11991289258003235,0,-0.0005109999910928309,0.25810301303863525,0,1,0.9399430751800537,0.1596495658159256,0.30169302225112915,0,-0.16329257190227509,-0.5658442378044128,0.8081808090209961,0,0.29973697662353516,-0.8089081048965454,-0.5057917237281799,0,0.0006760000251233578,0.20827099680900574,0,1,-0.8641149401664734,-0.24695928394794464,0.43853870034217834,0,0.4514016807079315,-0.7656351327896118,0.4582999348640442,0,0.22257927060127258,0.5939810872077942,0.7730748057365417,0,0.5077270269393921,-0.35108301043510437,-0.07067500054836273,1,0.9947680234909058,-0.07776211202144623,-0.06625588238239288,0,-0.0022840844467282295,0.6314550042152405,-0.7754089832305908,0,0.10213510692119598,0.7715039253234863,0.6279739737510681,0,0,2.8902039527893066,0,1,0.987269937992096,-0.147242471575737,0.06014689430594444,0,-0.014510441571474075,0.2931980788707733,0.9559420347213745,0,-0.1583901345729828,-0.9446450471878052,0.28732892870903015,0,0,2.636077880859375,0,1,0.9926450252532959,-0.004595490172505379,0.12097713351249695,0,-0.06468348950147629,0.8245601058006287,0.5620648860931396,0,-0.1023358479142189,-0.5657560229301453,0.8181979656219482,0,0,1.0432629585266113,0,1,-0.9381768703460693,0.21501226723194122,-0.2712809145450592,0,-0.31204766035079956,-0.8645451068878174,0.3939388394355774,0,-0.14983302354812622,0.4542371928691864,0.8781909346580505,0,-0.5077270269393921,-0.35108301043510437,-0.05432000011205673,1,0.9978499412536621,0.028074799105525017,0.05922817438840866,0,0.03032182715833187,0.6033960580825806,-0.7968649864196777,0,-0.0581098273396492,0.7969470024108887,0.6012470126152039,0,0,2.890990972518921,0,1,0.9770860075950623,0.2066292017698288,0.05106407776474953,0,-0.06922078877687454,0.08161406219005585,0.9942569732666016,0,0.20127509534358978,-0.9750099778175354,0.09404706209897995,0,0,2.635232925415039,0,1,0.9942649602890015,-0.006159736309200525,-0.10676431655883789,0,0.05903526395559311,0.8640530109405518,0.49992695450782776,0,0.0891706794500351,-0.5033630728721619,0.8594619631767273,0,0,1.0274200439453125,0,1
