1.167,30,35,65
B0,mixamorig_Hips,-1,0.9999520182609558,-0.0032099999953061342,0.009220000356435776,0,0.0038350000977516174,0.997642993927002,-0.06850499659776688,0,-0.008977999910712242,0.06853699684143066,0.9976080060005188,0,0.002532999962568283,6.399270057678223,0.041958998888731,1
B1,mixamorig_Spine,0,0.9993979930877686,0.011250000447034836,-0.03282500058412552,0,-0.010955999605357647,0.9998980164527893,0.009126000106334686,0,0.03292499855160713,-0.008760999888181686,0.9994189739227295,0,0,0.6212430000305176,-0.07801499962806702,1
B2,mixamorig_Spine1,1,0.9999330043792725,0.007774000056087971,-0.0085230004042387,0,-0.0076350001618266106,0.9998379945755005,0.01629200018942356,0,0.008647999726235867,-0.01622599922120571,0.9998310208320618,0,0,0.7304750084877014,0,1
B3,mixamorig_Spine2,2,0.9999359846115112,0.007699999958276749,-0.008310999721288681,0,-0.007563000079244375,0.9998379945755005,0.016342999413609505,0,0.008434999734163284,-0.016279000788927078,0.9998319745063782,0,0,0.8348289728164673,0,1
B4,mixamorig_Neck,3,0.9999629855155945,0.00381199992261827,0.007741999812424183,0,-0.004610999953001738,0.9943540096282959,0.10601499676704407,0,-0.007294000126421452,-0.10604699701070786,0.9943339824676514,0,0,0.9391829967498779,0,1
B5,mixamorig_Head,4,0.9978100061416626,-0.029083000496029854,0.059411000460386276,0,0.03468199819326401,0.9948260188102722,-0.09548600018024445,0,-0.05632700026035309,0.0973379984498024,0.9936559796333313,0,0,0.5459480285644531,0.21803399920463562,1
B6,mixamorig_HeadTop_End,5,1,0,0,0,0,1,0,0,0,0,1,0,0,1.231768012046814,0.49192801117897034,1
B7,mixamorig_LeftShoulder,3,0.015646999701857567,0.015754999592900276,-0.9997529983520508,0,0.9071090221405029,-0.4208280146121979,0.007565000094473362,0,-0.42060500383377075,-0.9070039987564087,-0.02087699994444847,0,0.4468570053577423,0.8072239756584167,-0.015376999974250793,1
B8,mixamorig_LeftArm,7,0.9673010110855103,0.0715399980545044,-0.24333399534225464,0,0.1692429929971695,0.5325070023536682,0.8293330073356628,0,0.18890699744224548,-0.8433970212936401,0.5029870271682739,0,0,0.9133260250091553,0,1
B9,mixamorig_LeftForeArm,8,0.9936180114746094,0.11226499825716019,-0.01095999963581562,0,-0.1123879998922348,0.993598997592926,-0.01142099965363741,0,0.009607999585568905,0.01257999986410141,0.999875009059906,0,0,1.8223439455032349,0,1
B10,mixamorig_LeftHand,9,0.9999610185623169,0.00292899995110929,0.008322999812662601,0,-0.002529999939724803,0.9988639950752258,-0.04757700115442276,0,-0.008453000336885452,0.047554001212120056,0.9988330006599426,0,0,1.6396509408950806,0,1
B11,mixamorig_LeftHandThumb1,10,0.8372730016708374,0.5436080098152161,-0.05886000022292137,0,-0.5190759897232056,0.8240569829940796,0.22691600024700165,0,0.17185699939727783,-0.15943700075149536,0.972133994102478,0,-0.17537100613117218,0.2739880084991455,0.10757400095462799,1
B12,mixamorig_LeftHandThumb2,11,0.8958420157432556,-0.43587300181388855,-0.086497001349926,0,0.44426101446151733,0.882843017578125,0.15238100290298462,0,0.009944000281393528,-0.17493699491024017,0.9845290184020996,0,-0.010084999725222588,0.2739199995994568,0,1
B13,mixamorig_LeftHandThumb3,12,0.867920994758606,0.4899060130119324,-0.0818839967250824,0,-0.48315098881721497,0.7944430112838745,-0.3680019974708557,0,-0.11523400247097015,0.35895898938179016,0.9262120127677917,0,-0.013864999637007713,0.274401992559433,0,1
B14,mixamorig_LeftHandThumb4,13,1,0,0,0,0,1,0,0,0,0,1,0,0.0239499993622303,0.23720599710941315,0,1
B15,mixamorig_LeftHandIndex1,10,0.9987409710884094,0.04731599986553192,0.016682999208569527,0,-0.049674998968839645,0.8859270215034485,0.4611560106277466,0,0.0070409998297691345,-0.4614039957523346,0.8871620297431946,0,-0.2271070033311844,0.7510669827461243,0.010635999962687492,1
B16,mixamorig_LeftHandIndex2,15,0.9959989786148071,-0.08683499693870544,-0.021105999127030373,0,0.08616500347852707,0.8705660104751587,0.48444798588752747,0,-0.02369300089776516,-0.4843289852142334,0.8745650053024292,0,0.0031799999997019768,0.25551700592041016,0,1
B17,mixamorig_LeftHandIndex3,16,0.9988110065460205,-0.04801400005817413,-0.008445000275969505,0,0.04843299835920334,0.9575499892234802,0.2841689884662628,0,-0.005557999946177006,-0.2842400074005127,0.9587370157241821,0,-0.0008720000041648746,0.2355480045080185,0,1
B18,mixamorig_LeftHandIndex4,17,1,0,0,0,0,1,0,0,0,0,1,0,-0.002308000111952424,0.22019299864768982,0,1
B19,mixamorig_LeftHandMiddle1,10,0.9991379976272583,-0.033601000905036926,-0.02439500018954277,0,0.04152199998497963,0.8066570162773132,0.589559018611908,0,-0.0001320000010309741,-0.5900629758834839,0.8073570132255554,0,-0.07583799958229065,0.791471004486084,-0.019200999289751053,1
B20,mixamorig_LeftHandMiddle2,19,0.9958490133285522,-0.08806300163269043,-0.02303599938750267,0,0.08735500276088715,0.8534380197525024,0.513821005821228,0,-0.025589000433683395,-0.5137010216712952,0.857587993144989,0,0.0030360000673681498,0.2887429893016815,0,1
B21,mixamorig_LeftHandMiddle3,20,0.9981309771537781,-0.05992799997329712,-0.012001999653875828,0,0.06034800037741661,0.9353200197219849,0.34861698746681213,0,-0.009665999561548233,-0.3486889898777008,0.9371880292892456,0,-0.000450999999884516,0.2625980079174042,0,1
B22,mixamorig_LeftHandMiddle4,21,1,0,0,0,0,1,0,0,0,0,1,0,-0.0025859999004751444,0.2471340000629425,0,1
B23,mixamorig_LeftHandRing1,10,0.9928269982337952,-0.10017000138759613,-0.06526900082826614,0,0.11926800012588501,0.7918400168418884,0.5989689826965332,0,-0.008315999992191792,-0.6024569869041443,0.7981079816818237,0,0.09045200049877167,0.7720289826393127,-0.017945000901818275,1
B24,mixamorig_LeftHandRing2,23,0.9932950139045715,-0.10858599841594696,-0.03968000039458275,0,0.10805899649858475,0.7500330209732056,0.6525130271911621,0,-0.041092000901699066,-0.65242600440979,0.756738007068634,0,0.0013429999817162752,0.27351000905036926,0,1
B25,mixamorig_LeftHandRing3,24,0.9990109801292419,-0.04394200071692467,-0.00672199996188283,0,0.044123999774456024,0.9618849754333496,0.2698709964752197,0,-0.005392999853938818,-0.26990100741386414,0.9628729820251465,0,-0.0004920000210404396,0.25196099281311035,0,1
B26,mixamorig_LeftHandRing4,25,1,0,0,0,0,1,0,0,0,0,1,0,-0.0008510000188834965,0.2432669997215271,0,1
B27,mixamorig_LeftHandPinky1,10,0.9975799918174744,-0.06707099825143814,-0.018314000219106674,0,0.0657849982380867,0.8253120183944702,0.5608320236206055,0,-0.02250099927186966,-0.5606799721717834,0.8277270197868347,0,0.21249300241470337,0.7036290168762207,-0.009587000124156475,1
B28,mixamorig_LeftHandPinky2,27,0.9962260127067566,-0.08421999961137772,-0.020999999716877937,0,0.0841509997844696,0.8778499960899353,0.4714840054512024,0,-0.021273000165820122,-0.47147199511528015,0.8816249966621399,0,0.0005600000149570405,0.26883000135421753,0,1
B29,mixamorig_LeftHandPinky3,28,0.9983010292053223,-0.057333000004291534,-0.010387999936938286,0,0.05750099942088127,0.9405869841575623,0.3346500098705292,0,-0.009415999986231327,-0.3346779942512512,0.9422850012779236,0,-0.00029399999766610563,0.21305499970912933,0,1
B30,mixamorig_LeftHandPinky4,29,1,0,0,0,0,1,0,0,0,0,1,0,-0.00026599998818710446,0.19907300174236298,0,1
B31,mixamorig_RightShoulder,3,0.011428999714553356,-0.02728099934756756,0.9995620250701904,0,-0.9370369911193848,-0.34922799468040466,0.001183000043965876,0,0.34904301166534424,-0.9366409778594971,-0.029555000364780426,0,-0.4468570053577423,0.8075190186500549,-0.01772800087928772,1
B32,mixamorig_RightArm,31,0.9353839755058289,-0.3241420090198517,0.14138099551200867,0,0.0544699989259243,0.5270860195159912,0.8480640053749084,0,-0.34941399097442627,-0.7855650186538696,0.5106840133666992,0,0,0.9133260250091553,0,1
B33,mixamorig_RightForeArm,32,0.9739930033683777,-0.22616399824619293,0.013682999648153782,0,0.2263759970664978,0.9738979935646057,-0.016658000648021698,0,-0.009557999670505524,0.019322000443935394,0.9997680187225342,0,0,1.8207279443740845,0,1
B34,mixamorig_RightHand,33,0.9912449717521667,0.04039299860596657,-0.1257060021162033,0,-0.04011400043964386,0.9991840124130249,0.004745999816805124,0,0.12579500675201416,0.0003380000125616789,0.9920560121536255,0,0,1.6296789646148682,0,1
B35,mixamorig_RightHandThumb1,34,0.7921429872512817,-0.6064950227737427,-0.06836500018835068,0,0.6005330085754395,0.7545210123062134,0.2646850049495697,0,-0.10894700139760971,-0.2507239878177643,0.9619089961051941,0,0.17094600200653076,0.2743130028247833,0.096219003200531,1
B36,mixamorig_RightHandThumb2,35,0.8081799745559692,0.5856810212135315,0.0618319995701313,0,-0.5868620276451111,0.809686005115509,0.001158999977633357,0,-0.04938599839806557,-0.037223998457193375,0.9980859756469727,0,0.004381000064313412,0.26975300908088684,0,1
B37,mixamorig_RightHandThumb3,36,0.8947920203208923,-0.4076949954032898,0.18202100694179535,0,0.4399470090866089,0.8745980262756348,-0.2037770003080368,0,-0.07611600309610367,0.2624180018901825,0.9619479775428772,0,0.019096000120043755,0.28113099932670593,0,1
B38,mixamorig_RightHandThumb4,37,1,0,0,0,0,1,0,0,0,0,1,0,-0.02347699925303459,0.2535319924354553,0,1
B39,mixamorig_RightHandIndex1,34,0.9991620182991028,-0.04022299870848656,-0.007540000136941671,0,0.04014100134372711,0.9274250268936157,0.371849000453949,0,-0.007964000105857849,-0.3718410134315491,0.9282619953155518,0,0.23031799495220184,0.75108402967453,0.009173000231385231,1
B40,mixamorig_RightHandIndex2,39,0.993802011013031,0.10501699894666672,0.036444999277591705,0,-0.10331699997186661,0.751645028591156,0.6514260172843933,0,0.04101699963212013,-0.6511539816856384,0.7578369975090027,0,-0.0037620000075548887,0.26698100566864014,0,1
B41,mixamorig_RightHandIndex3,40,0.9986760020256042,0.05044500157237053,0.010049999691545963,0,-0.05103600025177002,0.9474859833717346,0.3156970143318176,0,0.006403000093996525,-0.3157919943332672,0.9488070011138916,0,0.000999000039882958,0.2390100061893463,0,1
B42,mixamorig_RightHandIndex4,41,1,0,0,0,0,1,0,0,0,0,1,0,0.0027630000840872526,0.2238370031118393,0,1
B43,mixamorig_RightHandMiddle1,34,0.9992300271987915,0.029665999114513397,0.025690000504255295,0,-0.038989000022411346,0.8248180150985718,0.5640519857406616,0,-0.0044570001773536205,-0.5646190047264099,0.8253399729728699,0,0.06779699772596359,0.7725200057029724,-0.007160000037401915,1
B44,mixamorig_RightHandMiddle2,43,0.9946339726448059,0.09857200086116791,0.03141099959611893,0,-0.09709800034761429,0.7846490144729614,0.6122890114784241,0,0.035707999020814896,-0.6120529770851135,0.7900099754333496,0,-0.004368999972939491,0.2941490113735199,0,1
B45,mixamorig_RightHandMiddle3,44,0.9990479946136475,0.04316699877381325,0.006347999908030033,0,-0.043379999697208405,0.9671559929847717,0.2504560053348541,0,0.0046709999442100525,-0.25049299001693726,0.9681069850921631,0,0.0009250000002793968,0.27452901005744934,0,1
B46,mixamorig_RightHandMiddle4,45,1,0,0,0,0,1,0,0,0,0,1,0,0.0034439999144524336,0.2539049983024597,0,1
B47,mixamorig_RightHandRing1,34,0.9931399822235107,0.0987669974565506,0.06259900331497192,0,-0.11584900319576263,0.7582839727401733,0.6415479779243469,0,0.01589599996805191,-0.6443989872932434,0.764523983001709,0,-0.08371099829673767,0.7934820055961609,-0.021980000659823418,1
B48,mixamorig_RightHandRing2,47,0.9957249760627747,0.0886090025305748,0.026074999943375587,0,-0.08826000243425369,0.8295239806175232,0.5514519810676575,0,0.027233999222517014,-0.5513960123062134,0.8337990045547485,0,-0.001184999942779541,0.27184998989105225,0,1
B49,mixamorig_RightHandRing3,48,0.9989370107650757,0.045496001839637756,0.0074280002154409885,0,-0.045680999755859375,0.9553279876708984,0.29199498891830444,0,0.006188000086694956,-0.29202398657798767,0.9563909769058228,0,0.0003760000108741224,0.2437489926815033,0,1
B50,mixamorig_RightHandRing4,49,1,0,0,0,0,1,0,0,0,0,1,0,0.0008089999901130795,0.23643000423908234,0,1
B51,mixamorig_RightHandPinky1,34,0.9981390237808228,0.058883000165224075,0.015838999301195145,0,-0.05354499816894531,0.7221279740333557,0.6896839737892151,0,0.029172999784350395,-0.6892480254173279,0.72393798828125,0,-0.21440400183200836,0.7160030007362366,-0.010765999555587769,1
B52,mixamorig_RightHandPinky2,51,0.9940329790115356,0.10301099717617035,0.035886000841856,0,-0.10324899852275848,0.7823460102081299,0.6142259836196899,0,0.03519599884748459,-0.6142659783363342,0.7883129715919495,0,-0.0004990000161342323,0.25810301303863525,0,1
B53,mixamorig_RightHandPinky3,52,0.9977359771728516,0.06540299952030182,0.015666000545024872,0,-0.06569600105285645,0.8979930281639099,0.4350779950618744,0,0.014387999661266804,-0.435122013092041,0.9002559781074524,0,0.0006600000197067857,0.20827099680900574,0,1
B54,mixamorig_RightHandPinky4,53,1,0,0,0,0,1,0,0,0,0,1,0,-0.0001610000035725534,0.19726599752902985,0,1
B55,mixamorig_LeftUpLeg,0,-0.9841499924659729,-0.07664299756288528,0.15991899371147156,0,0.1334960013628006,-0.9138050079345703,0.3835879862308502,0,0.11673499643802643,0.3988569974899292,0.9095529913902283,0,0.5082719922065735,-0.3451569974422455,-0.06334900110960007,1
B56,mixamorig_LeftLeg,55,0.9991779923439026,-0.03549699857831001,-0.01955699920654297,0,0.0027520000003278255,0.5408560037612915,-0.8411110043525696,0,0.04043399915099144,0.840366005897522,0.5405089855194092,0,0,2.881934881210327,0,1
B57,mixamorig_LeftFoot,56,0.993179976940155,-0.08821500092744827,0.07623299956321716,0,-0.01818699948489666,0.5286239981651306,0.8486610054969788,0,-0.11516399681568146,-0.8442599773406982,0.5234150290489197,0,0,2.705148935317993,0,1
B58,mixamorig_LeftToeBase,57,0.9929819703102112,0.0006350000039674342,0.11826500296592712,0,-0.06352599710226059,0.8463469743728638,0.5288299918174744,0,-0.09975799918174744,-0.5326319932937622,0.8404470086097717,0,0,1.0432629585266113,0,1
B59,mixamorig_LeftToe_End,58,1,0,0,0,0,1,0,0,0,0,1,0,0,0.3789440095424652,0,1
B60,mixamorig_RightUpLeg,0,-0.9703540205955505,0.01733900047838688,-0.24106399714946747,0,-0.04576899856328964,-0.9925580024719238,0.11284200102090836,0,-0.23731300234794617,0.12053000181913376,0.9639269709587097,0,-0.5082719922065735,-0.3451569974422455,-0.03913300111889839,1
B61,mixamorig_RightLeg,60,0.9942770004272461,0.10399200022220612,0.024470999836921692,0,-0.08293899893760681,0.8957549929618835,-0.43674299120903015,0,-0.0673379972577095,0.43221399188041687,0.8992530107498169,0,0,2.8818039894104004,0,1
B62,mixamorig_RightFoot,61,0.9883769750595093,-0.11063899844884872,-0.10426300019025803,0,0.1363310068845749,0.34156298637390137,0.9299190044403076,0,-0.06727299839258194,-0.9333239793777466,0.35267600417137146,0,0,2.7074151039123535,0,1
B63,mixamorig_RightToeBase,62,0.9930899739265442,0.0066720000468194485,-0.11716800183057785,0,0.06363099813461304,0.8082799911499023,0.585349977016449,0,0.09860999882221222,-0.5887600183486938,0.8022699952125549,0,0,1.0274200439453125,0,1
B64,mixamorig_RightToe_End,63,1,0,0,0,0,1,0,0,0,0,1,0,0,0.3812449872493744,0,1
@52,0,1,2,3,4,5,7,8,9,10,11,12,13,15,16,17,19,20,21,23,24,25,27,28,29,31,32,33,34,35,36,37,39,40,41,43,44,45,47,48,49,51,52,53,55,56,57,58,60,61,62,63
K0,0.9999520182609558,-0.003210389753803611,0.009219827130436897,0,0.003834610339254141,0.997642993927002,-0.0685049444437027,0,-0.00897817313671112,0.06853704899549484,0.9976080060005188,0,0.002532999962568283,6.399270057678223,0.041958998888731,1,0.9993980526924133,0.011250060051679611,-0.032825347036123276,0,-0.010955940932035446,0.9998980164527893,0.00912606529891491,0,0.03292465582489967,-0.008760935626924038,0.9994189739227295,0,0,0.6212430000305176,-0.07801499962806702,1,0.9999330043792725,0.007774301338940859,-0.008522857911884785,0,-0.007634698413312435,0.9998379945755005,0.01629207469522953,0,0.008648142218589783,-0.016225924715399742,0.9998310804367065,0,0,0.7304750084877014,0,1,0.9999359250068665,0.007699792739003897,-0.008310754783451557,0,-0.007563207298517227,0.9998379349708557,0.016342952847480774,0,0.008435244672000408,-0.01627904735505581,0.999832034111023,0,0,0.8348289728164673,0,1,0.9999629855155945,0.003811795264482498,0.007741911802440882,0,-0.004611203912645578,0.9943539500236511,0.106015145778656,0,-0.007294087205082178,-0.10604684799909592,0.9943340420722961,0,0,0.9391829967498779,0,1,0.9978099465370178,-0.029083281755447388,0.059411220252513885,0,0.034681715071201324,0.9948259592056274,-0.09548631310462952,0,-0.05632677301764488,0.09733768552541733,0.9936560392379761,0,0,0.5459480285644531,0.21803399920463562,1,0.015647370368242264,0.015755370259284973,-0.9997530579566956,0,0.9071089029312134,-0.42082834243774414,0.007565446197986603,0,-0.42060548067092896,-0.9070038199424744,-0.020876729860901833,0,0.4468570053577423,0.8072239756584167,-0.015376999974250793,1,0.9673011302947998,0.07154008001089096,-0.243333637714386,0,0.16924306750297546,0.532507061958313,0.8293330669403076,0,0.18890736997127533,-0.8433970212936401,0.5029868483543396,0,0,0.9133260250091553,0,1,0.9936180114746094,0.11226458847522736,-0.010960167273879051,0,-0.11238840967416763,0.9935989379882812,-0.011421047151088715,0,0.009607831947505474,0.012579954229295254,0.9998750686645508,0,0,1.8223439455032349,0,1,0.9999610185623169,0.0029291065875440836,0.008323044516146183,0,-0.002529892837628722,0.9988639950752258,-0.047576941549777985,0,-0.008452952839434147,0.04755406081676483,0.9988330006599426,0,0,1.6396509408950806,0,1,0.8372728824615479,0.5436081886291504,-0.05885995179414749,0,-0.5190757513046265,0.8240572810173035,0.2269156128168106,0,0.1718570441007614,-0.1594373881816864,0.9721339344978333,0,-0.17537100613117218,0.2739880084991455,0.10757400095462799,1,0.8958420753479004,-0.4358729124069214,-0.08649679273366928,0,0.4442611336708069,0.8828428983688354,0.1523812860250473,0,0.009944203309714794,-0.1749366968870163,0.9845290184020996,0,-0.010084999725222588,0.2739199995994568,0,1,0.8679206967353821,0.4899064600467682,-0.08188420534133911,0,-0.48315057158470154,0.7944431900978088,-0.3680020868778229,0,-0.11523421108722687,0.3589589297771454,0.9262120723724365,0,-0.013864999637007713,0.274401992559433,0,1,0.9987409710884094,0.04731634259223938,0.016682622954249382,0,-0.049674659967422485,0.8859270811080933,0.4611559808254242,0,0.00704062357544899,-0.461404025554657,0.8871619701385498,0,-0.2271070033311844,0.7510669827461243,0.010635999962687492,1,0.9959989786148071,-0.08683495968580246,-0.021105941385030746,0,0.08616503328084946,0.8705658316612244,0.48444825410842896,0,-0.023692943155765533,-0.4843287467956543,0.8745651245117188,0,0.0031799999997019768,0.25551700592041016,0,1,0.9988109469413757,-0.04801392927765846,-0.008444773964583874,0,0.04843306913971901,0.9575499892234802,0.28416892886161804,0,-0.005557773634791374,-0.28424006700515747,0.9587369561195374,0,-0.0008720000041648746,0.2355480045080185,0,1,0.9991380572319031,-0.0336008220911026,-0.02439458854496479,0,0.041522178798913956,0.8066571950912476,0.5895587801933289,0,-0.00013158784713596106,-0.5900632739067078,0.8073567748069763,0,-0.07583799958229065,0.791471004486084,-0.019200999289751053,1,0.9958490133285522,-0.08806288242340088,-0.023035885766148567,0,0.08735513687133789,0.8534379005432129,0.5138212442398071,0,-0.025588886812329292,-0.5137007832527161,0.8575881123542786,0,0.0030360000673681498,0.2887429893016815,0,1,0.9981310367584229,-0.05992761254310608,-0.012002025730907917,0,0.06034839153289795,0.9353200197219849,0.34861671924591064,0,-0.009666025638580322,-0.3486892580986023,0.937187910079956,0,-0.000450999999884516,0.2625980079174042,0,1,0.9928269982337952,-0.10016987472772598,-0.06526900827884674,0,0.11926812678575516,0.791840136051178,0.5989687442779541,0,-0.00831600558012724,-0.6024571657180786,0.7981078028678894,0,0.09045200049877167,0.7720289826393127,-0.017945000901818275,1,0.9932950735092163,-0.10858573764562607,-0.03968018293380737,0,0.10805925726890564,0.7500329613685608,0.6525130271911621,0,-0.04109217971563339,-0.6524260640144348,0.7567380666732788,0,0.0013429999817162752,0.27351000905036926,0,1,0.9990110397338867,-0.04394157603383064,-0.006721884943544865,0,0.04412442445755005,0.9618849158287048,0.2698711156845093,0,-0.005392884835600853,-0.269900918006897,0.9628729820251465,0,-0.0004920000210404396,0.25196099281311035,0,1,0.9975799918174744,-0.06707113236188889,-0.0183139406144619,0,0.06578485667705536,0.8253120183944702,0.560832142829895,0,-0.022500937804579735,-0.5606797933578491,0.8277270793914795,0,0.21249300241470337,0.7036290168762207,-0.009587000124156475,1,0.9962260127067566,-0.0842197835445404,-0.02100023441016674,0,0.08415120095014572,0.8778500556945801,0.47148388624191284,0,-0.021273234859108925,-0.4714720845222473,0.8816248774528503,0,0.0005600000149570405,0.26883000135421753,0,1,0.9983009696006775,-0.057333171367645264,-0.010387847200036049,0,0.05750082805752754,0.9405871629714966,0.3346497416496277,0,-0.009415848180651665,-0.33467820286750793,0.942284882068634,0,-0.00029399999766610563,0.21305499970912933,0,1,0.01142930518835783,-0.027280978858470917,0.9995620250701904,0,-0.9370369911193848,-0.3492278754711151,0.0011829286813735962,0,0.34904301166534424,-0.9366410374641418,-0.029554758220911026,0,-0.4468570053577423,0.8075190186500549,-0.01772800087928772,1,0.9353838562965393,-0.32414206862449646,0.14138135313987732,0,0.054469939321279526,0.5270859599113464,0.8480640053749084,0,-0.34941366314888,-0.7855650782585144,0.5106841921806335,0,0,0.9133260250091553,0,1,0.9739930033683777,-0.22616401314735413,0.013682780787348747,0,0.2263759821653366,0.9738980531692505,-0.016657885164022446,0,-0.009558219462633133,0.019322117790579796,0.9997679591178894,0,0,1.8207279443740845,0,1,0.9912450313568115,0.0403926819562912,-0.12570597231388092,0,-0.04011430963873863,0.9991839528083801,0.004746079910546541,0,0.12579503655433655,0.00033808028092607856,0.9920560121536255,0,0,1.6296789646148682,0,1,0.7921431064605713,-0.6064947843551636,-0.06836515665054321,0,0.6005331873893738,0.7545208930969238,0.2646850049495697,0,-0.10894716531038284,-0.25072401762008667,0.9619090557098389,0,0.17094600200653076,0.2743130028247833,0.096219003200531,1,0.8081797361373901,0.5856812596321106,0.06183221936225891,0,-0.5868617296218872,0.8096861839294434,0.0011591966031119227,0,-0.049385782331228256,-0.037223801016807556,0.9980859756469727,0,0.004381000064313412,0.26975300908088684,0,1,0.8947920203208923,-0.40769511461257935,0.18202084302902222,0,0.4399469792842865,0.8745980858802795,-0.20377719402313232,0,-0.0761161595582962,0.26241782307624817,0.9619479775428772,0,0.019096000120043755,0.28113099932670593,0,1,0.9991620182991028,-0.0402228906750679,-0.007540040649473667,0,0.04014110565185547,0.9274248480796814,0.3718494772911072,0,-0.007964041084051132,-0.3718405067920685,0.9282621741294861,0,0.23031799495220184,0.75108402967453,0.009173000231385231,1,0.993802011013031,0.10501693189144135,0.03644503653049469,0,-0.10331705212593079,0.7516450881958008,0.6514258980751038,0,0.04101703315973282,-0.651154100894928,0.7578368782997131,0,-0.0037620000075548887,0.26698100566864014,0,1,0.9986760020256042,0.050444863736629486,0.010050029493868351,0,-0.05103613808751106,0.9474859833717346,0.3156968355178833,0,0.006403029430657625,-0.3157920837402344,0.9488069415092468,0,0.000999000039882958,0.2390100061893463,0,1,0.9992300271987915,0.0296656284481287,0.02569020353257656,0,-0.03898937627673149,0.8248181343078613,0.5640518069267273,0,-0.004456797149032354,-0.5646191835403442,0.8253397941589355,0,0.06779699772596359,0.7725200057029724,-0.007160000037401915,1,0.9946339726448059,0.09857197850942612,0.03141094371676445,0,-0.09709801524877548,0.784649133682251,0.612288773059845,0,0.03570794314146042,-0.6120531558990479,0.7900098562240601,0,-0.004368999972939491,0.2941490113735199,0,1,0.9990479350090027,0.04316673055291176,0.006348437629640102,0,-0.043380264192819595,0.967155933380127,0.2504560947418213,0,0.004671438131481409,-0.2504928410053253,0.9681069850921631,0,0.0009250000002793968,0.27452901005744934,0,1,0.993139922618866,0.09876729547977448,0.06259908527135849,0,-0.11584871262311935,0.7582839727401733,0.6415480971336365,0,0.015896078199148178,-0.6443989276885986,0.7645240426063538,0,-0.08371099829673767,0.7934820055961609,-0.021980000659823418,1,0.9957249164581299,0.08860917389392853,0.026074931025505066,0,-0.08825983107089996,0.829524040222168,0.5514519214630127,0,0.02723393216729164,-0.5513961315155029,0.8337989449501038,0,-0.001184999942779541,0.27184998989105225,0,1,0.9989370107650757,0.04549591615796089,0.0074282074347138405,0,-0.04568108171224594,0.9553279876708984,0.29199498891830444,0,0.006188207305967808,-0.29202398657798767,0.9563909769058228,0,0.0003760000108741224,0.2437489926815033,0,1,0.9981390237808228,0.05888321250677109,0.015839001163840294,0,-0.053544782102108,0.7221283316612244,0.6896835565567017,0,0.029172999784350395,-0.6892483830451965,0.7239375710487366,0,-0.21440400183200836,0.7160030007362366,-0.010765999555587769,1,0.9940329790115356,0.10301115363836288,0.03588647395372391,0,-0.10324885696172714,0.7823460102081299,0.6142261028289795,0,0.03519647195935249,-0.6142659187316895,0.7883130311965942,0,-0.0004990000161342323,0.25810301303863525,0,1,0.9977359771728516,0.06540301442146301,0.015665709972381592,0,-0.06569599360227585,0.8979929685592651,0.43507808446884155,0,0.014387710951268673,-0.43512195348739624,0.9002560377120972,0,0.0006600000197067857,0.20827099680900574,0,1,-0.9841498732566833,-0.076643206179142,0.15991878509521484,0,0.13349579274654388,-0.9138048887252808,0.38358810544013977,0,0.11673519760370255,0.39885687828063965,0.909553050994873,0,0.5082719922065735,-0.3451569974422455,-0.06334900110960007,1,0.9991779923439026,-0.03549716994166374,-0.019556619226932526,0,0.0027518286369740963,0.540855884552002,-0.8411110639572144,0,0.04043437913060188,0.8403659462928772,0.540509045124054,0,0,2.881934881210327,0,1,0.993179976940155,-0.0882154032588005,0.07623322308063507,0,-0.018187398090958595,0.5286241769790649,0.8486608862876892,0,-0.11516377329826355,-0.8442600965499878,0.5234149098396301,0,0,2.705148935317993,0,1,0.9929819107055664,0.0006352258496917784,0.11826540529727936,0,-0.06352576613426208,0.8463467955589294,0.5288302302360535,0,-0.0997576043009758,-0.5326316356658936,0.8404472470283508,0,0,1.0432629585266113,0,1,-0.9703540205955505,0.017339028418064117,-0.24106371402740479,0,-0.045768968760967255,-0.9925580024719238,0.11284200102090836,0,-0.23731330037117004,0.12053001672029495,0.9639269709587097,0,-0.5082719922065735,-0.3451569974422455,-0.03913300111889839,1,0.9942769408226013,0.1039922907948494,0.024471048265695572,0,-0.08293870836496353,0.8957549333572388,-0.4367431402206421,0,-0.06733795255422592,0.4322138726711273,0.8992530703544617,0,0,2.8818039894104004,0,1,0.9883769154548645,-0.11063908785581589,-0.10426297038793564,0,0.13633091747760773,0.3415628671646118,0.9299191236495972,0,-0.06727296859025955,-0.9333239793777466,0.35267606377601624,0,0,2.7074151039123535,0,1,0.9930899143218994,0.00667206197977066,-0.11716800183057785,0,0.06363106518983841,0.8082801103591919,0.5853497982025146,0,0.09860999882221222,-0.5887601971626282,0.8022698760032654,0,0,1.0274200439453125,0,1
K0.033,0.9999319314956665,-0.01134046632796526,-0.002743460237979889,0,0.011085688136518002,0.996755063533783,-0.07972896844148636,0,0.0036387222353368998,0.07969314604997635,0.9968130588531494,0,-0.006016045343130827,6.39899206161499,0.10398156940937042,1,0.999763011932373,0.019024671986699104,-0.010574892163276672,0,-0.018983472138643265,0.9998120069503784,0.003983260132372379,0,0.010648681782186031,-0.0037815668620169163,0.9999359846115112,0,0,0.6212430000305176,-0.07801499962806702,1,0.9999619722366333,0.00835100281983614,-0.0025547221302986145,0,-0.008309008553624153,0.9998369812965393,0.016028912737965584,0,0.002688162261620164,-0.016007069498300552,0.9998679757118225,0,0,0.7304750084877014,0,1,0.9999629855155945,0.008331929333508015,-0.0023557955864816904,0,-0.008293082006275654,0.9998370409011841,0.01604405976831913,0,0.0024890892673283815,-0.016023926436901093,0.9998689889907837,0,0,0.8348289728164673,0,1,0.9999690055847168,0.005184882786124945,0.005885342601686716,0,-0.005783155094832182,0.9942780137062073,0.10666509717702866,0,-0.005298625212162733,-0.10669592767953873,0.994278073310852,0,0,0.9391829967498779,0,1,0.9985820055007935,-0.03218927979469299,0.042409662157297134,0,0.03564777225255966,0.9958710074424744,-0.08349166810512543,0,-0.03954700380563736,0.08488505333662033,0.995606005191803,0,0,0.5459480285644531,0.21803399920463562,1,0.02454330027103424,0.014959199354052544,-0.9995869398117065,0,0.9070189595222473,-0.42078807950019836,0.015973182395100594,0,-0.42037513852119446,-0.9070359468460083,-0.02389579266309738,0,0.4468570053577423,0.8072239756584167,-0.015376999974250793,1,0.974699079990387,0.10527694225311279,-0.197177454829216,0,0.10990795493125916,0.5423991680145264,0.8329010009765625,0,0.1946340948343277,-0.8334988951683044,0.517104983329773,0,0,0.9133260250091553,0,1,0.9921590089797974,0.12448804080486298,-0.011109008453786373,0,-0.1246253177523613,0.992123007774353,-0.01266393531113863,0,0.009444992989301682,0.01394909992814064,0.999858021736145,0,0,1.8223439455032349,0,1,0.9997779726982117,0.0204511359333992,-0.005076093133538961,0,-0.020780136808753014,0.9968429207801819,-0.07662458717823029,0,0.003493008902296424,0.07671309262514114,0.997046947479248,0,0,1.6396509408950806,0,1,0.8372728228569031,0.5436082482337952,-0.05886044353246689,0,-0.5190756916999817,0.8240572810173035,0.22691573202610016,0,0.171857550740242,-0.15943725407123566,0.9721340537071228,0,-0.17537100613117218,0.2739880084991455,0.10757400095462799,1,0.8949470520019531,-0.43780770897865295,-0.0859861969947815,0,0.44608625769615173,0.8817718029022217,0.15324626863002777,0,0.00872780941426754,-0.17550471425056458,0.98444002866745,0,-0.010084999725222588,0.2739199995994568,0,1,0.8713489770889282,0.48442506790161133,-0.0779879093170166,0,-0.4778278172016144,0.8016523122787476,-0.35921359062194824,0,-0.11149290949106216,0.3502652645111084,0.9299908876419067,0,-0.013864999637007713,0.274401992559433,0,1,0.9985650181770325,0.05125027522444725,0.015551310032606125,0,-0.05290989950299263,0.8989563584327698,0.43483245372772217,0,0.008305324241518974,-0.43503081798553467,0.9003770351409912,0,-0.2271070033311844,0.7510669827461243,0.010635999962687492,1,0.9962790012359619,-0.08396422117948532,-0.019452815875411034,0,0.08337071537971497,0.8816072344779968,0.4645616412162781,0,-0.02185681462287903,-0.46445488929748535,0.8853270411491394,0,0.0031799999997019768,0.25551700592041016,0,1,0.9989519715309143,-0.045160312205553055,-0.007405894808471203,0,0.04551060497760773,0.9633451104164124,0.2643766403198242,0,-0.004804899450391531,-0.2644366919994354,0.9643910527229309,0,-0.0008720000041648746,0.2355480045080185,0,1,0.9989879727363586,-0.03571688011288643,-0.027322687208652496,0,0.04492701217532158,0.8190160989761353,0.572009801864624,0,0.0019473177380859852,-0.5726586580276489,0.8197922110557556,0,-0.07583799958229065,0.791471004486084,-0.019200999289751053,1,0.9961360096931458,-0.08520480990409851,-0.021309595555067062,0,0.0845751166343689,0.8651370406150818,0.4943537712097168,0,-0.023685595020651817,-0.4942457675933838,0.8690001964569092,0,0.0030360000673681498,0.2887429893016815,0,1,0.9983010292053223,-0.05725342407822609,-0.010815671645104885,0,0.05761052668094635,0.9421480894088745,0.33020973205566406,0,-0.008715673349797726,-0.3302718698978424,0.9438459873199463,0,-0.000450999999884516,0.2625980079174042,0,1,0.9932710528373718,-0.09774598479270935,-0.06211787834763527,0,0.1156158447265625,0.8055092096328735,0.5811947584152222,0,-0.006772933527827263,-0.5844658017158508,0.8113900423049927,0,0.09045200049877167,0.7720289826393127,-0.017945000901818275,1,0.9936550259590149,-0.10605037957429886,-0.03746609017252922,0,0.10555855929851532,0.7642992734909058,0.6361637115478516,0,-0.03883008658885956,-0.636081874370575,0.7706440687179565,0,0.0013429999817162752,0.27351000905036926,0,1,0.9991369843482971,-0.041108012199401855,-0.0058838315308094025,0,0.04126492142677307,0.9669240117073059,0.25170397758483887,0,-0.004657832905650139,-0.2517296075820923,0.9677860736846924,0,-0.0004920000210404396,0.25196099281311035,0,1,0.9978240132331848,-0.06392829120159149,-0.016127891838550568,0,0.06246652081608772,0.8384112119674683,0.5414465665817261,0,-0.021091947332024574,-0.5412757992744446,0.8405801057815552,0,0.21249300241470337,0.7036290168762207,-0.009587000124156475,1,0.9965209364891052,-0.08107393234968185,-0.019319146871566772,0,0.08101198822259903,0.8878070712089539,0.4530288279056549,0,-0.0195771474391222,-0.4530177116394043,0.8912861943244934,0,0.0005600000149570405,0.26883000135421753,0,1,0.9984790086746216,-0.05433494597673416,-0.009323105216026306,0,0.054485008120536804,0.9468271732330322,0.31709757447242737,0,-0.008402105420827866,-0.31712305545806885,0.9483469128608704,0,-0.00029399999766610563,0.21305499970912933,0,1,0.005540013313293457,-0.027738869190216064,0.9995999932289124,0,-0.9374611377716064,-0.3480627238750458,-0.0044630966149270535,0,0.3480471074581146,-0.9370609521865845,-0.027932381257414818,0,-0.4468570053577423,0.8075190186500549,-0.01772800087928772,1,0.9358770847320557,-0.28299736976623535,0.2098725140094757,0,-0.02126653678715229,0.549216091632843,0.8354098796844482,0,-0.351684033870697,-0.7863038182258606,0.5079801678657532,0,0,0.9133260250091553,0,1,0.9768070578575134,-0.2136947363615036,0.013474994339048862,0,0.2138950079679489,0.9767299890518188,-0.01573939435184002,0,-0.009798005223274231,0.01825658604502678,0.9997850060462952,0,0,1.8207279443740845,0,1,0.9934061169624329,0.05358973890542984,-0.10135647654533386,0,-0.052030373364686966,0.9984839558601379,0.017968321219086647,0,0.10216569900512695,-0.012576221488416195,0.9946880340576172,0,0,1.6296789646148682,0,1,0.7921431064605713,-0.6064947843551636,-0.06836515665054321,0,0.6005331873893738,0.7545208930969238,0.2646850049495697,0,-0.10894716531038284,-0.25072401762008667,0.9619090557098389,0,0.17094600200653076,0.2743130028247833,0.096219003200531,1,0.8094121217727661,0.5839589834213257,0.06199164688587189,0,-0.5850949883460999,0.8109650015830994,0.00020502813276834786,0,-0.05015336349606514,-0.03643697872757912,0.9980769753456116,0,0.004381000064313412,0.26975300908088684,0,1,0.8964458703994751,-0.40540811419487,0.17896325886249542,0,0.43669381737709045,0.8768380880355835,-0.20113122463226318,0,-0.07538165897130966,0.25845566391944885,0.9630781412124634,0,0.019096000120043755,0.28113099932670593,0,1,0.9993469715118408,-0.03569399565458298,-0.0056840600445866585,0,0.03509189188480377,0.920527994632721,0.38909709453582764,0,-0.008656089194118977,-0.3890422284603119,0.9211788177490234,0,0.23031799495220184,0.75108402967453,0.009173000231385231,1,0.9937689304351807,0.10525691509246826,0.036667317152023315,0,-0.10354314744472504,0.7500178217887878,0.65326327085495,0,0.04125932231545448,-0.6529892683029175,0.7562428116798401,0,-0.0037620000075548887,0.26698100566864014,0,1,0.9985659718513489,0.052411388605833054,0.010932042263448238,0,-0.05307565629482269,0.9422469139099121,0.330686092376709,0,0.007031037472188473,-0.33079224824905396,0.9436779618263245,0,0.000999000039882958,0.2390100061893463,0,1,0.9990760087966919,0.03275784105062485,0.02783091925084591,0,-0.04281724989414215,0.8154308795928955,0.5772690773010254,0,-0.003784100292250514,-0.5779271721839905,0.8160797953605652,0,0.06779699772596359,0.7725200057029724,-0.007160000037401915,1,0.9944309592247009,0.1001744195818901,0.03274809941649437,0,-0.09860561043024063,0.7746508717536926,0.6246552467346191,0,0.03720610588788986,-0.6244051456451416,0.7802138924598694,0,-0.004368999972939491,0.2941490113735199,0,1,0.998958945274353,0.045075397938489914,0.007069028448313475,0,-0.045335639268159866,0.9631478786468506,0.2651234269142151,0,0.005142026115208864,-0.2651679813861847,0.9641890525817871,0,0.0009250000002793968,0.27452901005744934,0,1,0.9926159977912903,0.10155904293060303,0.06633216887712479,0,-0.12014602869749069,0.7478216290473938,0.6529382467269897,0,0.01670713722705841,-0.6560859680175781,0.7545010447502136,0,-0.08371099829673767,0.7934820055961609,-0.021980000659823418,1,0.9955409169197083,0.0903121754527092,0.027251923456788063,0,-0.08994382619857788,0.82163006067276,0.5628799200057983,0,0.028443925082683563,-0.5628213882446289,0.8260896801948547,0,-0.001184999942779541,0.27184998989105225,0,1,0.9988369345664978,0.04752999544143677,0.008116467855870724,0,-0.0477350577712059,0.9509579539299011,0.3056151568889618,0,0.006807466968894005,-0.30564722418785095,0.9521210193634033,0,0.0003760000108741224,0.2437489926815033,0,1,0.9977729916572571,0.06377516686916351,0.01954694651067257,0,-0.059355948120355606,0.7151856422424316,0.6964094042778015,0,0.03043392486870289,-0.6960186958312988,0.7173783183097839,0,-0.21440400183200836,0.7160030007362366,-0.010765999555587769,1,0.9937860369682312,0.10483589768409729,0.03740626946091652,0,-0.10508617013692856,0.772864818572998,0.6258091926574707,0,0.03669726848602295,-0.6258511543273926,0.7790789008140564,0,-0.0004990000161342323,0.25810301303863525,0,1,0.997596025466919,0.06727994233369827,0.016576003283262253,0,-0.06758809089660645,0.8920938968658447,0.44676512479782104,0,0.015271002426743507,-0.44681206345558167,0.8944978713989258,0,0.0006600000197067857,0.20827099680900574,0,1,-0.9834440350532532,-0.09272120147943497,0.15569177269935608,0,0.13677901029586792,-0.9433983564376831,0.30214494466781616,0,0.11886417865753174,0.31843817234039307,0.9404622316360474,0,0.5082719922065735,-0.3451569974422455,-0.06334900110960007,1,0.9957839846611023,-0.07669811695814133,-0.05032254755496979,0,-0.0067528607323765755,0.4857979118824005,-0.8740450739860535,0,0.09148421138525009,0.8707000017166138,0.48323190212249756,0,0,2.881934881210327,0,1,0.9923409819602966,-0.09753526002168655,0.07580189406871796,0,-0.013895644806325436,0.5216088891029358,0.8530721068382263,0,-0.12274343520402908,-0.8475909233093262,0.5162580609321594,0,0,2.705148935317993,0,1,0.9928659796714783,-0.000838550622574985,0.1192290410399437,0,-0.06393955647945404,0.8402860164642334,0.5383590459823608,0,-0.10063796490430832,-0.5421419143676758,0.8342379927635193,0,0,1.0432629585266113,0,1,-0.9718509316444397,0.0022667476441711187,-0.23558707535266876,0,-0.034831974655389786,-0.9903469681739807,0.1341610997915268,0,-0.23300869762897491,0.1385904848575592,0.962548017501831,0,-0.5082719922065735,-0.3451569974422455,-0.03913300111889839,1,0.995265007019043,0.09699578583240509,0.006243706215173006,0,-0.084661103785038,0.8966708779335022,-0.43452709913253784,0,-0.04774584248661995,0.4319410026073456,0.9006369709968567,0,0,2.8818039894104004,0,1,0.9876110553741455,-0.1180541068315506,-0.10338576138019562,0,0.14004598557949066,0.3658254146575928,0.9200859069824219,0,-0.07079879194498062,-0.9231659173965454,0.3778262734413147,0,0,2.7074151039123535,0,1,0.9931630492210388,0.005749919917434454,-0.1165957823395729,0,0.06333893537521362,0.8124450445175171,0.5795868635177612,0,0.09806020557880402,-0.5830090641975403,0.8065258860588074,0,0,1.0274200439453125,0,1
