1.000,30,29,65
B0,mixamorig_Hips,-1,0.9994249939918518,-0.0027729999274015427,-0.03379200026392937,0,0.003900999901816249,0.9994360208511353,0.03336299955844879,0,0.03367999941110611,-0.03347500041127205,0.9988719820976257,0,0.0033160001039505005,6.432088851928711,0.05271200090646744,1
B1,mixamorig_Spine,0,0.999754011631012,-0.0004970000009052455,0.02216999977827072,0,0.0008699999889358878,0.9998589754104614,-0.016783999279141426,0,-0.022159000858664513,0.016798999160528183,0.9996129870414734,0,0,0.6212430000305176,-0.07801499962806702,1
B2,mixamorig_Spine1,1,0.9988769888877869,0.014123000204563141,0.045214999467134476,0,-0.01606000028550625,0.998956024646759,0.04276999831199646,0,-0.04456400126218796,-0.043448999524116516,0.9980610013008118,0,0,0.7304750084877014,0,1
B3,mixamorig_Spine2,2,0.9988669753074646,0.016161000356078148,0.044766999781131744,0,-0.01805499941110611,0.9989449977874756,0.042233001440763474,0,-0.044036999344825745,-0.04299300163984299,0.9981039762496948,0,0,0.8348289728164673,0,1
B4,mixamorig_Neck,3,0.999301016330719,0.00020599999697878957,-0.03738199919462204,0,0.004141999874264002,0.9932190179824829,0.11618500202894211,0,0.03715299814939499,-0.11625900119543076,0.9925240278244019,0,0,0.9391829967498779,0,1
B5,mixamorig_Head,4,0.9963399767875671,-0.03709600120782852,-0.07700999826192856,0,0.03264699876308441,0.997767984867096,-0.05825499817728996,0,0.07899899780750275,0.05552700161933899,0.9953269958496094,0,0,0.5459480285644531,0.21803399920463562,1
B6,mixamorig_HeadTop_End,5,1,0,0,0,0,1,0,0,0,0,1,0,0,1.231768012046814,0.49192801117897034,1
B7,mixamorig_LeftShoulder,3,0.11680400371551514,0.007579000201076269,-0.9931259751319885,0,0.9273359775543213,-0.3588060140609741,0.10632800310850143,0,-0.35553398728370667,-0.9333810210227966,-0.048937998712062836,0,0.4468570053577423,0.8072239756584167,-0.015376999974250793,1
B8,mixamorig_LeftArm,7,0.8146430253982544,0.4662199914455414,-0.34495699405670166,0,0.020608000457286835,0.5711470246315002,0.820589005947113,0,0.5795959830284119,-0.6755959987640381,0.4556730091571808,0,0,0.9133260250091553,0,1
B9,mixamorig_LeftForeArm,8,0.9815790057182312,0.19066700339317322,-0.01218399964272976,0,-0.1908780038356781,0.9814220070838928,-0.01939699985086918,0,0.0082590002566576,0.021366000175476074,0.9997379779815674,0,0,1.8223439455032349,0,1
B10,mixamorig_LeftHand,9,0.9835910201072693,-0.16304099559783936,0.07723800092935562,0,0.14281900227069855,0.965258002281189,0.2188130021095276,0,-0.11022999882698059,-0.20419199764728546,0.9727050065994263,0,0,1.6396509408950806,0,1
B11,mixamorig_LeftHandThumb1,10,0.8693060278892517,0.46594300866127014,-0.1649409979581833,0,-0.40057700872421265,0.8596230149269104,0.3171539902687073,0,0.2895619869232178,-0.2096319943666458,0.9339209794998169,0,-0.17537100613117218,0.2739880084991455,0.10757400095462799,1
B12,mixamorig_LeftHandThumb2,11,0.9759789705276489,-0.20809000730514526,-0.06452599912881851,0,0.20365799963474274,0.9766049981117249,-0.06904099881649017,0,0.07738299667835236,0.05424199998378754,0.9955250024795532,0,-0.010084999725222588,0.2739199995994568,0,1
B13,mixamorig_LeftHandThumb3,12,0.9506350159645081,0.16668599843978882,-0.2617439925670624,0,-0.23823200166225433,0.9325209856033325,-0.2713859975337982,0,0.1988449990749359,0.320345014333725,0.9261959791183472,0,-0.013864999637007713,0.274401992559433,0,1
B14,mixamorig_LeftHandThumb4,13,1,0,0,0,0,1,0,0,0,0,1,0,0.0239499993622303,0.23720599710941315,0,1
B15,mixamorig_LeftHandIndex1,10,0.9852709770202637,0.16650600731372833,0.03894999995827675,0,-0.17070899903774261,0.9444190263748169,0.2809469997882843,0,0.009995000436902046,-0.28345799446105957,0.9589329957962036,0,-0.2271070033311844,0.7510669827461243,0.010635999962687492,1
B16,mixamorig_LeftHandIndex2,15,0.9985089898109436,-0.05415700003504753,-0.006862000096589327,0,0.054085999727249146,0.9643779993057251,0.25894099473953247,0,-0.007406000047922134,-0.25892600417137146,0.9658690094947815,0,0.0031799999997019768,0.25551700592041016,0,1
B17,mixamorig_LeftHandIndex3,16,0.9989889860153198,-0.04437499865889549,-0.0071319998241961,0,0.044707998633384705,0.9648579955101013,0.2589389979839325,0,-0.004608999937772751,-0.25899699330329895,0.9658669829368591,0,-0.0008720000041648746,0.2355480045080185,0,1
B18,mixamorig_LeftHandIndex4,17,1,0,0,0,0,1,0,0,0,0,1,0,-0.002308000111952424,0.22019299864768982,0,1
B19,mixamorig_LeftHandMiddle1,10,0.9999750256538391,0.005867000203579664,-0.003911999985575676,0,-0.0036639999598264694,0.9062449932098389,0.4227359890937805,0,0.0060259997844696045,-0.4227119982242584,0.9062439799308777,0,-0.07583799958229065,0.791471004486084,-0.019200999289751053,1
B20,mixamorig_LeftHandMiddle2,19,0.9990820288658142,-0.04259699955582619,-0.004509999882429838,0,0.04261599853634834,0.9778389930725098,0.20497499406337738,0,-0.004321000073105097,-0.20497900247573853,0.9787570238113403,0,0.0030360000673681498,0.2887429893016815,0,1
B21,mixamorig_LeftHandMiddle3,20,0.999019980430603,-0.043884001672267914,-0.005789000075310469,0,0.04399700090289116,0.9701169729232788,0.23861299455165863,0,-0.004856000188738108,-0.23863400518894196,0.9710969924926758,0,-0.000450999999884516,0.2625980079174042,0,1
B22,mixamorig_LeftHandMiddle4,21,1,0,0,0,0,1,0,0,0,0,1,0,-0.0025859999004751444,0.2471340000629425,0,1
B23,mixamorig_LeftHandRing1,10,0.9988499879837036,-0.0440480001270771,-0.01891300082206726,0,0.04789799824357033,0.9011819958686829,0.43078601360321045,0,-0.0019310000352561474,-0.43119698762893677,0.9022560119628906,0,0.09045200049877167,0.7720289826393127,-0.017945000901818275,1
B24,mixamorig_LeftHandRing2,23,0.9982619881629944,-0.05814500153064728,-0.009588000364601612,0,0.05806500092148781,0.9427340030670166,0.328453004360199,0,-0.010058999992907047,-0.32843899726867676,0.9444720149040222,0,0.0013429999817162752,0.27351000905036926,0,1
B25,mixamorig_LeftHandRing3,24,0.9982420206069946,-0.0580889992415905,-0.011808999814093113,0,0.05843399837613106,0.930849015712738,0.3607020080089569,0,-0.009960000403225422,-0.3607569932937622,0.9326059818267822,0,-0.0004920000210404396,0.25196099281311035,0,1
B26,mixamorig_LeftHandRing4,25,1,0,0,0,0,1,0,0,0,0,1,0,-0.0008510000188834965,0.2432669997215271,0,1
B27,mixamorig_LeftHandPinky1,10,0.9952589869499207,-0.09266600012779236,-0.029541999101638794,0,0.094309002161026,0.8451989889144897,0.52606600522995,0,-0.02377999946475029,-0.5263569951057434,0.849931001663208,0,0.21249300241470337,0.7036290168762207,-0.009587000124156475,1
B28,mixamorig_LeftHandPinky2,27,0.9984430074691772,-0.05514499917626381,-0.008441000245511532,0,0.055125001817941666,0.951994001865387,0.30111101269721985,0,-0.008569000288844109,-0.3011069893836975,0.9535520076751709,0,0.0005600000149570405,0.26883000135421753,0,1
B29,mixamorig_LeftHandPinky3,28,0.99863201379776,-0.05160500109195709,-0.008407999761402607,0,0.051739998161792755,0.9521840214729309,0.3011130094528198,0,-0.007532999850809574,-0.30113598704338074,0.9535509943962097,0,-0.00029399999766610563,0.21305499970912933,0,1
B30,mixamorig_LeftHandPinky4,29,1,0,0,0,0,1,0,0,0,0,1,0,-0.00026599998818710446,0.19907300174236298,0,1
B31,mixamorig_RightShoulder,3,0.021717000752687454,-0.01348199974745512,0.9996730089187622,0,-0.9292870163917542,-0.3690449893474579,0.015211000107228756,0,0.3687190115451813,-0.9293140172958374,-0.020542999729514122,0,-0.4468570053577423,0.8075190186500549,-0.01772800087928772,1
B32,mixamorig_RightArm,31,0.8209120035171509,-0.5152689814567566,0.24617299437522888,0,0.1811240017414093,0.64376300573349,0.7434800267219543,0,-0.5415689945220947,-0.5657439827919006,0.6218010187149048,0,0,0.9133260250091553,0,1
B33,mixamorig_RightForeArm,32,0.9195860028266907,-0.39249199628829956,0.01768600009381771,0,0.39285901188850403,0.9191439747810364,-0.028907999396324158,0,-0.004910000134259462,0.033532001078128815,0.999426007270813,0,0,1.8207279443740845,0,1
B34,mixamorig_RightHand,33,0.9855049848556519,0.07609099894762039,-0.1516219973564148,0,-0.05751900002360344,0.9906989932060242,0.12331800162792206,0,0.15959499776363373,-0.11280900239944458,0.9807159900665283,0,0,1.6296789646148682,0,1
B35,mixamorig_RightHandThumb1,34,0.8449540138244629,-0.48576900362968445,0.2237910032272339,0,0.33936598896980286,0.8103539943695068,0.4776580035686493,0,-0.41338101029396057,-0.3276520073413849,0.8495650291442871,0,0.17094600200653076,0.2743130028247833,0.096219003200531,1
B36,mixamorig_RightHandThumb2,35,0.916504979133606,0.3989740014076233,-0.028957000002264977,0,-0.3997569978237152,0.910851001739502,-0.1026889979839325,0,-0.014593999832868576,0.10569100081920624,0.9942920207977295,0,0.004381000064313412,0.26975300908088684,0,1
B37,mixamorig_RightHandThumb3,36,0.9705169796943665,-0.213686004281044,-0.11151199787855148,0,0.1678519994020462,0.9311990141868591,-0.3235659897327423,0,0.17298099398612976,0.29530900716781616,0.9396119713783264,0,0.019096000120043755,0.28113099932670593,0,1
B38,mixamorig_RightHandThumb4,37,1,0,0,0,0,1,0,0,0,0,1,0,-0.02347699925303459,0.2535319924354553,0,1
B39,mixamorig_RightHandIndex1,34,0.9873999953269958,-0.15129800140857697,-0.04636500030755997,0,0.15795700252056122,0.9247620105743408,0.34621500968933105,0,-0.009504999965429306,-0.3491770029067993,0.9370089769363403,0,0.23031799495220184,0.75108402967453,0.009173000231385231,1
B40,mixamorig_RightHandIndex2,39,0.9973139762878418,0.07188399881124496,0.014051999896764755,0,-0.07149399816989899,0.9137129783630371,0.4000220000743866,0,0.015915999189019203,-0.3999530076980591,0.9163979887962341,0,-0.0037620000075548887,0.26698100566864014,0,1
B41,mixamorig_RightHandIndex3,40,0.9994609951972961,0.032607998698949814,0.0036609999369829893,0,-0.0327330008149147,0.9829729795455933,0.1808129996061325,0,0.002297000028192997,-0.18083499372005463,0.9835109710693359,0,0.000999000039882958,0.2390100061893463,0,1
B42,mixamorig_RightHandIndex4,41,1,0,0,0,0,1,0,0,0,0,1,0,0.0027630000840872526,0.2238370031118393,0,1
B43,mixamorig_RightHandMiddle1,34,0.9969040155410767,-0.07613799721002579,-0.01962199993431568,0,0.07799900323152542,0.9262170195579529,0.3688350021839142,0,-0.009908000007271767,-0.3692229986190796,0.9292880296707153,0,0.06779699772596359,0.7725200057029724,-0.007160000037401915,1
B44,mixamorig_RightHandMiddle2,43,0.9952279925346375,0.09360899776220322,0.027532000094652176,0,-0.09240499883890152,0.81358802318573,0.5740519762039185,0,0.03133700042963028,-0.5738570094108582,0.8183559775352478,0,-0.004368999972939491,0.2941490113735199,0,1
B45,mixamorig_RightHandMiddle3,44,0.9983699917793274,0.05584700033068657,0.011781999841332436,0,-0.056449998170137405,0.9356510043144226,0.34838300943374634,0,0.008431999944150448,-0.3484799861907959,0.9372779726982117,0,0.0009250000002793968,0.27452901005744934,0,1
B46,mixamorig_RightHandMiddle4,45,1,0,0,0,0,1,0,0,0,0,1,0,0.0034439999144524336,0.2539049983024597,0,1
B47,mixamorig_RightHandRing1,34,0.999705970287323,-0.01862799935042858,-0.015550999902188778,0,0.023305000737309456,0.9156339764595032,0.40133699774742126,0,0.006763000041246414,-0.4015820026397705,0.915798008441925,0,-0.08371099829673767,0.7934820055961609,-0.021980000659823418,1
B48,mixamorig_RightHandRing2,47,0.992156982421875,0.11498600244522095,0.04902200028300285,0,-0.11425500363111496,0.6751459836959839,0.7287830114364624,0,0.05070300027728081,-0.7286679744720459,0.6829879879951477,0,-0.001184999942779541,0.27184998989105225,0,1
B49,mixamorig_RightHandRing3,48,0.9981150031089783,0.059960998594760895,0.013055000454187393,0,-0.060311999171972275,0.9192659854888916,0.38899001479148865,0,0.011323000304400921,-0.38904398679733276,0.9211490154266357,0,0.0003760000108741224,0.2437489926815033,0,1
B50,mixamorig_RightHandRing4,49,1,0,0,0,0,1,0,0,0,0,1,0,0.0008089999901130795,0.23643000423908234,0,1
B51,mixamorig_RightHandPinky1,34,0.9997519850730896,0.008434999734163284,-0.020608000457286835,0,0.0024530000519007444,0.8781149983406067,0.4784429967403412,0,0.02213199995458126,-0.47837498784065247,0.8778769969940186,0,-0.21440400183200836,0.7160030007362366,-0.010765999555587769,1
B52,mixamorig_RightHandPinky2,51,0.9965119957923889,0.0808510035276413,0.020674999803304672,0,-0.08097200095653534,0.8767979741096497,0.4739919900894165,0,0.020193999633193016,-0.47401300072669983,0.8802859783172607,0,-0.0004990000161342323,0.25810301303863525,0,1
B53,mixamorig_RightHandPinky3,52,0.9992200136184692,0.039062000811100006,0.0058559998869895935,0,-0.0391869992017746,0.961778998374939,0.27100899815559387,0,0.004954000003635883,-0.27102699875831604,0.9625589847564697,0,0.0006600000197067857,0.20827099680900574,0,1
B54,mixamorig_RightHandPinky4,53,1,0,0,0,0,1,0,0,0,0,1,0,-0.0001610000035725534,0.19726599752902985,0,1
B55,mixamorig_LeftUpLeg,0,-0.9831370115280151,-0.00814600009471178,0.18268699944019318,0,0.09215500205755234,-0.8849480152130127,0.456481009721756,0,0.1579499989748001,0.4656189978122711,0.8707759976387024,0,0.5082719922065735,-0.3451569974422455,-0.06334900110960007,1
B56,mixamorig_LeftLeg,55,0.9956730008125305,-0.08885099738836288,-0.02721099928021431,0,0.019757000729441643,0.4885460138320923,-0.8723139762878418,0,0.09080000221729279,0.8680030107498169,0.4881879985332489,0,0,2.881934881210327,0,1
B57,mixamorig_LeftFoot,56,0.9966670274734497,0.018564000725746155,0.07944100350141525,0,-0.07759600132703781,0.5163180232048035,0.8528739809989929,0,-0.02518399991095066,-0.8561959862709045,0.5160369873046875,0,0,2.705148935317993,0,1
B58,mixamorig_LeftToeBase,57,0.9914019703865051,-0.01927899941802025,0.12942199409008026,0,-0.0696519985795021,0.7595570087432861,0.6467000246047974,0,-0.11077100038528442,-0.6501550078392029,0.7516840100288391,0,0,1.0432629585266113,0,1
B59,mixamorig_LeftToe_End,58,1,0,0,0,0,1,0,0,0,0,1,0,0,0.3789440095424652,0,1
B60,mixamorig_RightUpLeg,0,-0.9918389916419983,-0.04670599848031998,-0.11863800138235092,0,0.018789999186992645,-0.9738739728927612,0.22631199657917023,0,-0.12610800564289093,0.22223599255084991,0.9668030142784119,0,-0.5082719922065735,-0.3451569974422455,-0.03913300111889839,1
B61,mixamorig_RightLeg,60,0.9977880120277405,-0.02278600074350834,0.062456000596284866,0,0.046248000115156174,0.9127709865570068,-0.4058459997177124,0,-0.047759998589754105,0.407835990190506,0.9118049740791321,0,0,2.8818039894104004,0,1
B62,mixamorig_RightFoot,61,0.9959549903869629,-0.02638700045645237,-0.08589199930429459,0,0.08956100046634674,0.36865100264549255,0.9252430200576782,0,0.007249999791383743,-0.9291930198669434,0.36952298879623413,0,0,2.7074151039123535,0,1
B63,mixamorig_RightToeBase,62,0.9927380084991455,0.011090000160038471,-0.11978700011968613,0,0.06506700068712234,0.7880169749259949,0.6122050285339355,0,0.10118400305509567,-0.6155539751052856,0.7815719842910767,0,0,1.0274200439453125,0,1
B64,mixamorig_RightToe_End,63,1,0,0,0,0,1,0,0,0,0,1,0,0,0.3812449872493744,0,1
@52,0,1,2,3,4,5,7,8,9,10,11,12,13,15,16,17,19,20,21,23,24,25,27,28,29,31,32,33,34,35,36,37,39,40,41,43,44,45,47,48,49,51,52,53,55,56,57,58,60,61,62,63
K0,0.9994249939918518,-0.0027729677967727184,-0.033791784197092056,0,0.003901032032445073,0.99943608045578,0.03336268290877342,0,0.03368021175265312,-0.03347531706094742,0.9988719820976257,0,0.0033160001039505005,6.432088851928711,0.05271200090646744,1,0.999754011631012,-0.0004973762552253902,0.02217024192214012,0,0.000869623851031065,0.9998589754104614,-0.016783926635980606,0,-0.022158756852149963,0.016799069941043854,0.9996130466461182,0,0,0.6212430000305176,-0.07801499962806702,1,0.9988769888877869,0.014122920110821724,0.045215118676424026,0,-0.016060080379247665,0.9989559650421143,0.04277043417096138,0,-0.04456387460231781,-0.043448563665151596,0.9980610013008118,0,0,0.7304750084877014,0,1,0.9988669753074646,0.016160979866981506,0.044766899198293686,0,-0.01805501990020275,0.9989449977874756,0.04223281145095825,0,-0.0440370999276638,-0.04299318417906761,0.99810391664505,0,0,0.8348289728164673,0,1,0.999301016330719,0.00020577931718435138,-0.03738228604197502,0,0.004141779150813818,0.9932190775871277,0.11618519574403763,0,0.03715271130204201,-0.11625882238149643,0.9925240874290466,0,0,0.9391829967498779,0,1,0.9963399767875671,-0.03709625080227852,-0.07700993120670319,0,0.032646749168634415,0.9977680444717407,-0.058254677802324295,0,0.07899905741214752,0.05552732199430466,0.9953269362449646,0,0,0.5459480285644531,0.21803399920463562,1,0.11680378764867783,0.007578914053738117,-0.9931259155273438,0,0.9273359179496765,-0.35880592465400696,0.1063278391957283,0,-0.35553377866744995,-0.9333810210227966,-0.04893802851438522,0,0.4468570053577423,0.8072239756584167,-0.015376999974250793,1,0.814643144607544,0.4662197530269623,-0.34495702385902405,0,0.020607778802514076,0.5711468458175659,0.8205890655517578,0,0.5795959234237671,-0.6755959987640381,0.45567309856414795,0,0,0.9133260250091553,0,1,0.9815788865089417,0.19066736102104187,-0.012183892540633678,0,-0.19087764620780945,0.9814220666885376,-0.01939733698964119,0,0.008259107358753681,0.021365663036704063,0.9997379779815674,0,0,1.8223439455032349,0,1,0.9835910797119141,-0.16304077208042145,0.07723793387413025,0,0.14281922578811646,0.9652578830718994,0.2188132107257843,0,-0.11023006588220596,-0.20419177412986755,0.9727050065994263,0,0,1.6396509408950806,0,1,0.8693060278892517,0.4659431278705597,-0.16494068503379822,0,-0.4005768895149231,0.8596230745315552,0.31715381145477295,0,0.2895622253417969,-0.20963211357593536,0.9339208006858826,0,-0.17537100613117218,0.2739880084991455,0.10757400095462799,1,0.9759790897369385,-0.20808957517147064,-0.06452590227127075,0,0.20365840196609497,0.9766048789024353,-0.06904133409261703,0,0.07738308608531952,0.05424164980649948,0.9955249428749084,0,-0.010084999725222588,0.2739199995994568,0,1,0.9506351351737976,0.16668592393398285,-0.26174384355545044,0,-0.2382320910692215,0.9325209259986877,-0.2713862359523773,0,0.19884513318538666,0.3203447461128235,0.9261960387229919,0,-0.013864999637007713,0.274401992559433,0,1,0.9852709770202637,0.16650620102882385,0.0389496386051178,0,-0.1707087904214859,0.9444190263748169,0.2809469699859619,0,0.00999463815242052,-0.2834579646587372,0.9589329361915588,0,-0.2271070033311844,0.7510669827461243,0.010635999962687492,1,0.9985089302062988,-0.05415735021233559,-0.006861997302621603,0,0.05408565327525139,0.9643780589103699,0.25894099473953247,0,-0.0074059972539544106,-0.25892600417137146,0.9658690094947815,0,0.0031799999997019768,0.25551700592041016,0,1,0.9989889860153198,-0.044375229626894,-0.007132066413760185,0,0.0447077639400959,0.9648578763008118,0.25893932580947876,0,-0.004609066527336836,-0.2589966058731079,0.9658671021461487,0,-0.0008720000041648746,0.2355480045080185,0,1,0.9999750256538391,0.005867420695722103,-0.003912207204848528,0,-0.003663579234853387,0.9062448740005493,0.42273634672164917,0,0.0060257925651967525,-0.42271167039871216,0.9062440991401672,0,-0.07583799958229065,0.791471004486084,-0.019200999289751053,1,0.9990820288658142,-0.04259670153260231,-0.0045101032592356205,0,0.04261629283428192,0.9778389930725098,0.2049749493598938,0,-0.004321103449910879,-0.2049790620803833,0.9787570834159851,0,0.0030360000673681498,0.2887429893016815,0,1,0.999019980430603,-0.04388401284813881,-0.005788641050457954,0,0.043996989727020264,0.970116913318634,0.2386130690574646,0,-0.004855641163885593,-0.238633930683136,0.9710969924926758,0,-0.000450999999884516,0.2625980079174042,0,1,0.9988499879837036,-0.04404807463288307,-0.018913129344582558,0,0.04789792373776436,0.9011819362640381,0.4307860732078552,0,-0.0019311282085254788,-0.4311968684196472,0.9022560715675354,0,0.09045200049877167,0.7720289826393127,-0.017945000901818275,1,0.9982619881629944,-0.05814480409026146,-0.009587951935827732,0,0.05806519091129303,0.9427339434623718,0.3284529745578766,0,-0.010058951564133167,-0.32843899726867676,0.9444720149040222,0,0.0013429999817162752,0.27351000905036926,0,1,0.9982420802116394,-0.05808878690004349,-0.01180916465818882,0,0.05843421071767807,0.9308491945266724,0.3607017993927002,0,-0.009960165247321129,-0.3607572615146637,0.9326058626174927,0,-0.0004920000210404396,0.25196099281311035,0,1,0.9952590465545654,-0.09266588091850281,-0.029541704803705215,0,0.09430912137031555,0.8451991677284241,0.5260657072067261,0,-0.023779703304171562,-0.5263572931289673,0.8499307632446289,0,0.21249300241470337,0.7036290168762207,-0.009587000124156475,1,0.998443067073822,-0.055144891142845154,-0.008440968580543995,0,0.05512510612607002,0.9519940614700317,0.30111074447631836,0,-0.008568968623876572,-0.301107257604599,0.9535518884658813,0,0.0005600000149570405,0.26883000135421753,0,1,0.99863201379776,-0.05160500854253769,-0.008407984860241413,0,0.05173999443650246,0.9521840214729309,0.3011130094528198,0,-0.007532985880970955,-0.30113598704338074,0.9535509943962097,0,-0.00029399999766610563,0.21305499970912933,0,1,0.02171728014945984,-0.013481887988746166,0.9996730089187622,0,-0.9292870759963989,-0.36904463171958923,0.01521112397313118,0,0.36871904134750366,-0.9293139576911926,-0.020543169230222702,0,-0.4468570053577423,0.8075190186500549,-0.01772800087928772,1,0.8209120035171509,-0.5152690410614014,0.2461726814508438,0,0.18112389743328094,0.6437631845474243,0.7434799671173096,0,-0.5415692925453186,-0.5657441020011902,0.6218007206916809,0,0,0.9133260250091553,0,1,0.9195860624313354,-0.3924918472766876,0.017686137929558754,0,0.3928591310977936,0.9191439151763916,-0.028908228501677513,0,-0.004909861832857132,0.03353176638484001,0.9994260668754578,0,0,1.8207279443740845,0,1,0.9855050444602966,0.07609082758426666,-0.15162190794944763,0,-0.05751916393637657,0.9906989932060242,0.12331780046224594,0,0.1595950871706009,-0.1128091961145401,0.9807159304618835,0,0,1.6296789646148682,0,1,0.8449541330337524,-0.48576870560646057,0.2237909585237503,0,0.33936625719070435,0.8103538155555725,0.47765806317329407,0,-0.41338104009628296,-0.3276519775390625,0.8495650291442871,0,0.17094600200653076,0.2743130028247833,0.096219003200531,1,0.9165050387382507,0.3989739418029785,-0.028957389295101166,0,-0.3997570872306824,0.9108509421348572,-0.10268905758857727,0,-0.01459438819438219,0.10569094866514206,0.9942920207977295,0,0.004381000064313412,0.26975300908088684,0,1,0.9705169796943665,-0.21368622779846191,-0.11151174455881119,0,0.1678517758846283,0.9311990141868591,-0.32356610894203186,0,0.17298123240470886,0.2953088879585266,0.9396119713783264,0,0.019096000120043755,0.28113099932670593,0,1,0.9873999953269958,-0.151297926902771,-0.046365030109882355,0,0.15795709192752838,0.9247618913650513,0.34621521830558777,0,-0.009505031630396843,-0.3491767942905426,0.9370090365409851,0,0.23031799495220184,0.75108402967453,0.009173000231385231,1,0.9973139762878418,0.07188378274440765,0.014051808975636959,0,-0.0714942067861557,0.9137128591537476,0.40002235770225525,0,0.01591580919921398,-0.39995262026786804,0.9163981080055237,0,-0.0037620000075548887,0.26698100566864014,0,1,0.9994609951972961,0.03260829299688339,0.0036611680407077074,0,-0.032732706516981125,0.982973039150238,0.1808127760887146,0,0.002297168131917715,-0.18083523213863373,0.9835109710693359,0,0.000999000039882958,0.2390100061893463,0,1,0.9969040155410767,-0.0761379525065422,-0.019622046500444412,0,0.077999047935009,0.9262170195579529,0.3688347339630127,0,-0.009908044710755348,-0.3692232370376587,0.9292879104614258,0,0.06779699772596359,0.7725200057029724,-0.007160000037401915,1,0.9952279925346375,0.09360907971858978,0.027531886473298073,0,-0.09240491688251495,0.81358802318573,0.5740519762039185,0,0.03133688494563103,-0.5738570094108582,0.8183559775352478,0,-0.004368999972939491,0.2941490113735199,0,1,0.9983699321746826,0.055846985429525375,0.011782152578234673,0,-0.0564500093460083,0.9356510639190674,0.34838300943374634,0,0.008432152681052685,-0.3484800457954407,0.9372779130935669,0,0.0009250000002793968,0.27452901005744934,0,1,0.9997060298919678,-0.018628252670168877,-0.01555110327899456,0,0.02330474741756916,0.9156337380409241,0.4013373851776123,0,0.0067628975957632065,-0.4015815854072571,0.9157981872558594,0,-0.08371099829673767,0.7934820055961609,-0.021980000659823418,1,0.992156982421875,0.1149861216545105,0.049021948128938675,0,-0.11425486952066422,0.6751458644866943,0.728783130645752,0,0.05070294812321663,-0.7286679148674011,0.6829881072044373,0,-0.001184999942779541,0.27184998989105225,0,1,0.9981150031089783,0.059960950165987015,0.013055099174380302,0,-0.06031205505132675,0.9192659854888916,0.38899004459381104,0,0.011323098093271255,-0.3890439569950104,0.9211490154266357,0,0.0003760000108741224,0.2437489926815033,0,1,0.9997519850730896,0.008435245603322983,-0.020608006045222282,0,0.0024532461538910866,0.8781149983406067,0.478442907333374,0,0.022131994366645813,-0.47837504744529724,0.8778769969940186,0,-0.21440400183200836,0.7160030007362366,-0.010765999555587769,1,0.9965119957923889,0.08085078001022339,0.02067544311285019,0,-0.08097221702337265,0.8767977952957153,0.47399213910102844,0,0.020194442942738533,-0.4740128815174103,0.8802859783172607,0,-0.0004990000161342323,0.25810301303863525,0,1,0.9992199540138245,0.039062198251485825,0.005856013391166925,0,-0.03918679431080818,0.9617789387702942,0.27100899815559387,0,0.0049540139734745026,-0.27102693915367126,0.9625589847564697,0,0.0006600000197067857,0.20827099680900574,0,1,-0.9831371307373047,-0.008145532570779324,0.18268688023090363,0,0.09215547144412994,-0.8849481344223022,0.456481009721756,0,0.15795013308525085,0.4656190276145935,0.8707759380340576,0,0.5082719922065735,-0.3451569974422455,-0.06334900110960007,1,0.9956730008125305,-0.08885114639997482,-0.027210969477891922,0,0.019756842404603958,0.48854589462280273,-0.8723140358924866,0,0.09080003201961517,0.8680030107498169,0.4881879985332489,0,0,2.881934881210327,0,1,0.9966670870780945,0.018563656136393547,0.07944077998399734,0,-0.07759635895490646,0.5163177251815796,0.8528741598129272,0,-0.02518421970307827,-0.8561958074569702,0.5160372853279114,0,0,2.705148935317993,0,1,0.9914020299911499,-0.01927926391363144,0.12942178547382355,0,-0.069652259349823,0.7595568895339966,0.6467000842094421,0,-0.11077122390270233,-0.6501549482345581,0.7516841292381287,0,0,1.0432629585266113,0,1,-0.9918390512466431,-0.046706028282642365,-0.11863774806261063,0,0.018789969384670258,-0.9738739728927612,0.22631214559078217,0,-0.12610825896263123,0.22223585844039917,0.9668030738830566,0,-0.5082719922065735,-0.3451569974422455,-0.03913300111889839,1,0.9977880716323853,-0.022785939276218414,0.06245579198002815,0,0.04624806344509125,0.9127710461616516,-0.40584585070610046,0,-0.04776021093130112,0.4078361690044403,0.9118048548698425,0,0,2.8818039894104004,0,1,0.9959549307823181,-0.026387004181742668,-0.08589216321706772,0,0.08956099301576614,0.36865097284317017,0.9252430200576782,0,0.007249836809933186,-0.9291930198669434,0.3695230484008789,0,0,2.7074151039123535,0,1,0.9927380084991455,0.011090420186519623,-0.11978714913129807,0,0.06506742537021637,0.788016676902771,0.612205445766449,0,0.10118386149406433,-0.615553617477417,0.7815722823143005,0,0,1.0274200439453125,0,1
K0.034,0.9997260570526123,0.0005516319070011377,-0.023394528776407242,0,0.0004857510793954134,0.9990176558494568,0.044314123690128326,0,0.02339598909020424,-0.04431334510445595,0.9987436532974243,0,0.013067529536783695,6.478954315185547,0.02223505638539791,1,0.9999865889549255,-0.002920459257438779,0.0043260990642011166,0,0.0030235161539167166,0.9997075200080872,-0.02401018887758255,0,-0.004254709463566542,0.02402292750775814,0.9997020959854126,0,0,0.6212430000305176,-0.07801499962806702,1,0.9994304180145264,0.006048138253390789,0.03319236636161804,0,-0.007327124942094088,0.9992294311523438,0.038547251373529434,0,-0.032933689653873444,-0.03876854479312897,0.9987058043479919,0,0,0.7304750084877014,0,1,0.9994347095489502,0.007779269479215145,0.032713670283555984,0,-0.009028171189129353,0.9992291331291199,0.03820407763123512,0,-0.03239124268293381,-0.0384778156876564,0.9987342953681946,0,0,0.8348289728164673,0,1,0.9994449615478516,-0.0024259404744952917,-0.03322385624051094,0,0.00629459461197257,0.9931315779685974,0.11683842539787292,0,0.03271219879388809,-0.11698263883590698,0.9925950765609741,0,0,0.9391829967498779,0,1,0.9978252649307251,-0.035517368465662,-0.05552901327610016,0,0.03267408907413483,0.9981491565704346,-0.05129928141832352,0,0.05724821612238884,0.0493733249604702,0.9971383213996887,0,0,0.5459480285644531,0.21803399920463562,1,0.09990261495113373,0.008542795665562153,-0.9949607849121094,0,0.9310142397880554,-0.3535998463630676,0.09044581651687622,0,-0.3510451912879944,-0.9353581070899963,-0.043279025703668594,0,0.4468570053577423,0.8072239756584167,-0.015376999974250793,1,0.8297044038772583,0.4068862497806549,-0.3821432292461395,0,0.10458102822303772,0.5591639876365662,0.8224337100982666,0,0.5483181476593018,-0.7223423719406128,0.4213885962963104,0,0,0.9133260250091553,0,1,0.9816559553146362,0.1902729719877243,-0.01217573694884777,0,-0.19048285484313965,0.9815001487731934,-0.01935681328177452,0,0.008267400786280632,0.021320978179574013,0.9997381567955017,0,0,1.8223439455032349,0,1,0.9868114590644836,-0.14205484092235565,0.07760864496231079,0,0.11616682261228561,0.955367922782898,0.2716177999973297,0,-0.11272947490215302,-0.2590200901031494,0.9592704176902771,0,0,1.6396509408950806,0,1,0.869306206703186,0.46594277024269104,-0.16494061052799225,0,-0.40057626366615295,0.8596228361129761,0.317154198884964,0,0.2895623445510864,-0.2096327841281891,0.9339209198951721,0,-0.17537100613117218,0.2739880084991455,0.10757400095462799,1,0.9784972667694092,-0.19740673899650574,-0.059777017682790756,0,0.19257214665412903,0.9781728982925415,-0.0780668631196022,0,0.07388321310281754,0.06487683951854706,0.995154857635498,0,-0.010084999725222588,0.2739199995994568,0,1,0.9521581530570984,0.16194279491901398,-0.2591696083545685,0,-0.23279635608196259,0.9337741732597351,-0.27179473638534546,0,0.19799067080020905,0.31912532448768616,0.9268003702163696,0,-0.013864999637007713,0.274401992559433,0,1,0.9829378724098206,0.1796444058418274,0.03949994593858719,0,-0.18365825712680817,0.9467655420303345,0.26439347863197327,0,0.010099632665514946,-0.2671371400356293,0.9636059999465942,0,-0.2271070033311844,0.7510669827461243,0.010635999962687492,1,0.9985069632530212,-0.05418911203742027,-0.006871451623737812,0,0.05411708727478981,0.9643169045448303,0.25916165113449097,0,-0.007417486514896154,-0.25914666056632996,0.9658100008964539,0,0.0031799999997019768,0.25551700592041016,0,1,0.9989879131317139,-0.04440706968307495,-0.007142532151192427,0,0.04474017396569252,0.9647977948188782,0.25915905833244324,0,-0.00461739394813776,-0.25921630859375,0.965808093547821,0,-0.0008720000041648746,0.2355480045080185,0,1,0.9999448657035828,0.010252542793750763,-0.0022212883923202753,0,-0.008435254916548729,0.9116990566253662,0.4107723534107208,0,0.006236607208848,-0.4107309579849243,0.9117352962493896,0,-0.07583799958229065,0.791471004486084,-0.019200999289751053,1,0.9990819692611694,-0.04260726645588875,-0.004512312356382608,0,0.04262673854827881,0.9778227806091309,0.20505014061927795,0,-0.004324381705373526,-0.2050541639328003,0.9787408709526062,0,0.0030360000673681498,0.2887429893016815,0,1,0.9990189671516418,-0.0438944548368454,-0.005791655741631985,0,0.044007547199726105,0.9700994491577148,0.2386861890554428,0,-0.004858518019318581,-0.23870691657066345,0.9710795283317566,0,-0.000450999999884516,0.2625980079174042,0,1,0.9989529252052307,-0.0422758124768734,-0.017488600686192513,0,0.045721471309661865,0.9089232087135315,0.41444870829582214,0,-0.0016253585927188396,-0.41481417417526245,0.9099040627479553,0,0.09045200049877167,0.7720289826393127,-0.017945000901818275,1,0.9982619881629944,-0.05814475566148758,-0.009587924927473068,0,0.05806514993309975,0.9427343010902405,0.328452467918396,0,-0.010058924555778503,-0.3284384310245514,0.9444722533226013,0,0.0013429999817162752,0.27351000905036926,0,1,0.9982420802116394,-0.05808873474597931,-0.01180905569344759,0,0.05843415856361389,0.9308503866195679,0.3606986403465271,0,-0.009960056282579899,-0.36075422167778015,0.9326074123382568,0,-0.0004920000210404396,0.25196099281311035,0,1,0.995008647441864,-0.09516630321741104,-0.030004184693098068,0,0.09691569954156876,0.8501027226448059,0.5176218152046204,0,-0.023753538727760315,-0.5179464817047119,0.8550834059715271,0,0.21249300241470337,0.7036290168762207,-0.009587000124156475,1,0.9984390735626221,-0.05521078035235405,-0.00846250168979168,0,0.055190980434417725,0.9518691301345825,0.3014943301677704,0,-0.008590536192059517,-0.3014906346797943,0.9534299969673157,0,0.0005600000149570405,0.26883000135421753,0,1,0.998629093170166,-0.05167083069682121,-0.008428825996816158,0,0.05180596560239792,0.9520590901374817,0.3014964461326599,0,-0.007553825620561838,-0.3015195429325104,0.9534299969673157,0,-0.00029399999766610563,0.21305499970912933,0,1,0.02795502170920372,-0.012957284227013588,0.999525249004364,0,-0.9306734800338745,-0.36523061990737915,0.02129475399851799,0,0.3647812306880951,-0.9308269023895264,-0.02226909250020981,0,-0.4468570053577423,0.8075190186500549,-0.01772800087928772,1,0.8018075227737427,-0.5452697277069092,0.24451245367527008,0,0.22274692356586456,0.6523887515068054,0.7244117259979248,0,-0.5545168519020081,-0.5263742208480835,0.6445472836494446,0,0,0.9133260250091553,0,1,0.8982371687889099,-0.4390884339809418,0.019256779924035072,0,0.4394995868206024,0.897659957408905,-0.03234029561281204,0,-0.0030857915990054607,0.0375126488506794,0.9992918372154236,0,0,1.8207279443740845,0,1,0.9814996719360352,0.12812085449695587,-0.14227810502052307,0,-0.10381068289279938,0.98050856590271,0.16681025922298431,0,0.1608768254518509,-0.14895427227020264,0.9756694436073303,0,0,1.6296789646148682,0,1,0.8449540734291077,-0.4857689142227173,0.22379082441329956,0,0.3393661081790924,0.81035315990448,0.4776585102081299,0,-0.4133812487125397,-0.3276525139808655,0.8495647311210632,0,0.17094600200653076,0.2743130028247833,0.096219003200531,1,0.9186029434204102,0.3941587209701538,-0.028422174975275993,0,-0.3948974609375,0.9128355979919434,-0.10385812819004059,0,-0.01499181054532528,0.10662821680307388,0.9941856265068054,0,0.004381000064313412,0.26975300908088684,0,1,0.970495879650116,-0.2138201892375946,-0.11144465953111649,0,0.1679939329624176,0.9311611652374268,-0.32360121607780457,0,0.17296528816223145,0.2953313887119293,0.9396078586578369,0,0.019096000120043755,0.28113099932670593,0,1,0.9873974919319153,-0.1509614884853363,-0.04751051962375641,0,0.157976433634758,0.9221590161323547,0.35308048129081726,0,-0.009489301592111588,-0.35613635182380676,0.9343859553337097,0,0.23031799495220184,0.75108402967453,0.009173000231385231,1,0.9973134994506836,0.07188914716243744,0.014054310508072376,0,-0.07149942219257355,0.9136946201324463,0.4000633656978607,0,0.01591886393725872,-0.3999934494495392,0.9163800477981567,0,-0.0037620000075548887,0.26698100566864014,0,1,0.9994611740112305,0.032613951712846756,0.0036630327813327312,0,-0.032738495618104935,0.9829648733139038,0.18085692822933197,0,0.0022978256456553936,-0.18087932467460632,0.9835025668144226,0,0.000999000039882958,0.2390100061893463,0,1,0.9968075156211853,-0.07709424942731857,-0.02078288607299328,0,0.0792347714304924,0.9229229092597961,0.3767414689064026,0,-0.00986359640955925,-0.3771854341030121,0.9260849356651306,0,0.06779699772596359,0.7725200057029724,-0.007160000037401915,1,0.9952186942100525,0.09368831664323807,0.027590570971369743,0,-0.09248003363609314,0.8131498098373413,0.5746610164642334,0,0.03140377998352051,-0.5744653344154358,0.8179267048835754,0,-0.004368999972939491,0.2941490113735199,0,1,0.9983637928962708,0.05593628063797951,0.011826233938336372,0,-0.056542858481407166,0.9353874921798706,0.3490757942199707,0,0.008463888429105282,-0.34917330741882324,0.9370197653770447,0,0.0009250000002793968,0.27452901005744934,0,1,0.9996609687805176,-0.020191816613078117,-0.016434993594884872,0,0.0251266248524189,0.9135439991950989,0.40596261620521545,0,0.0068169706501066685,-0.4062380790710449,0.9137420058250427,0,-0.08371099829673767,0.7934820055961609,-0.021980000659823418,1,0.9921444058418274,0.11505856364965439,0.04910143464803696,0,-0.1143256425857544,0.6746076345443726,0.72926926612854,0,0.05078446865081787,-0.7291539311408997,0.6824623346328735,0,-0.001184999942779541,0.27184998989105225,0,1,0.9981086850166321,0.060058023780584335,0.013098808005452156,0,-0.06041036173701286,0.9189819097518921,0.3896437883377075,0,0.01136366929858923,-0.38969820737838745,0.9208720922470093,0,0.0003760000108741224,0.2437489926815033,0,1,0.9997236132621765,0.0062121073715388775,-0.022694304585456848,0,0.005514461547136307,0.8757945895195007,0.4826527237892151,0,0.022873826324939728,-0.4826442003250122,0.8755177855491638,0,-0.21440400183200836,0.7160030007362366,-0.010765999555587769,1,0.9964998960494995,0.08098243176937103,0.02075033448636532,0,-0.08110441267490387,0.8763350248336792,0.4748259484767914,0,0.020268304273486137,-0.4748467206954956,0.8798353672027588,0,-0.0004990000161342323,0.25810301303863525,0,1,0.9992139935493469,0.03919791802763939,0.005892891436815262,0,-0.03932308405637741,0.9615350365638733,0.2718540132045746,0,0.004989891778677702,-0.2718721628189087,0.9623209238052368,0,0.0006600000197067857,0.20827099680900574,0,1,-0.9847080707550049,0.012668544426560402,0.17374956607818604,0,0.07534560561180115,-0.868278443813324,0.49032214283943176,0,0.1570747047662735,0.4959155321121216,0.8540465831756592,0,0.5082719922065735,-0.3451569974422455,-0.06334900110960007,1,0.9974237680435181,-0.07164829224348068,0.003620078321546316,0,0.05233687534928322,0.6922197341918945,-0.7197859883308411,0,0.04906555637717247,0.7181212306022644,0.6941863298416138,0,0,2.881934881210327,0,1,0.9968440532684326,-0.010915905237197876,0.07862378656864166,0,-0.061599522829055786,0.5183248519897461,0.8529620170593262,0,-0.05006354674696922,-0.8551138639450073,0.516016960144043,0,0,2.705148935317993,0,1,0.9917596578598022,-0.014813577756285667,0.12725065648555756,0,-0.06818360835313797,0.7798874974250793,0.6221945881843567,0,-0.10845815390348434,-0.6257440447807312,0.7724510431289673,0,0,1.0432629585266113,0,1,-0.9899384379386902,-0.043758194893598557,-0.13455899059772491,0,0.026421524584293365,-0.9914188385009766,0.12802575528621674,0,-0.139006569981575,0.12318243831396103,0.9826005101203918,0,-0.5082719922065735,-0.3451569974422455,-0.03913300111889839,1,0.9954603910446167,-0.03553222864866257,0.08829066157341003,0,0.06090753898024559,0.9506839513778687,-0.30412188172340393,0,-0.07313045114278793,0.30811911821365356,0.9485332369804382,0,0,2.8818039894104004,0,1,0.9962554574012756,-0.015697099268436432,-0.08501584827899933,0,0.08503680676221848,0.3551792502403259,0.9309217929840088,0,0.015583100728690624,-0.9346661567687988,0.355184406042099,0,0,2.7074151039123535,0,1,0.9927932024002075,0.010389419272542,-0.11938556283712387,0,0.06483613699674606,0.7912642359733582,0.6080270409584045,0,0.10078265517950058,-0.6113860607147217,0.784888744354248,0,0,1.0274200439453125,0,1
