2.567,30,76,65
B0,mixamorig_Hips,-1,0.5846030116081238,-0.019536999985575676,0.811083972454071,0,-0.11787500232458115,0.9870569705963135,0.10873500257730484,0,-0.802711009979248,-0.15917299687862396,0.5747339725494385,0,-0.013255000114440918,5.499073028564453,0.01821500062942505,1
B1,mixamorig_Spine,0,0.9968309998512268,-0.04095499962568283,-0.06819099932909012,0,0.041032999753952026,0.9991580247879028,-0.0002570000069681555,0,0.06814400106668472,-0.0025420000310987234,0.9976720213890076,0,0,0.6324750185012817,-0.08038199692964554,1
B2,mixamorig_Spine1,1,0.9988700151443481,0.043768998235464096,-0.01854100078344345,0,-0.04335800185799599,0.9988170266151428,0.022007999941706657,0,0.019481999799609184,-0.021178999915719032,0.9995859861373901,0,0,0.7438240051269531,0,1
B3,mixamorig_Spine2,2,0.9995750188827515,0.021105000749230385,-0.020096000283956528,0,-0.02102700062096119,0.999770998954773,0.0040710000321269035,0,0.020176999270915985,-0.003647000063210726,0.9997900128364563,0,0,0.8500829935073853,0,1
B4,mixamorig_Neck,3,0.985069990158081,-0.011311000213027,-0.17178499698638916,0,0.027000999078154564,0.9956409931182861,0.08927600085735321,0,0.1700260043144226,-0.09258200228214264,0.9810810089111328,0,0,0.9563440084457397,0,1
B5,mixamorig_Head,4,0.9123830199241638,-0.11264300346374512,-0.39353299140930176,0,0.07962500303983688,0.9918659925460815,-0.09930200129747391,0,0.40151798725128174,0.05926699936389923,0.9139320254325867,0,0,0.5457550287246704,0.21793200075626373,1
B6,mixamorig_HeadTop_End,5,1,0,0,0,0,1,0,0,0,0,1,0,0,1.2317869663238525,0.4918789863586426,1
B7,mixamorig_LeftShoulder,3,0.15191400051116943,-0.0463469997048378,-0.9873059988021851,0,0.9704340100288391,-0.182561993598938,0.1578879952430725,0,-0.1875620037317276,-0.9821010231971741,0.017242999747395515,0,0.4463689923286438,0.8244550228118896,-0.015371999703347683,1
B8,mixamorig_LeftArm,7,0.9350460171699524,0.3232479989528656,-0.14559899270534515,0,-0.14742499589920044,0.7280189990997314,0.669517993927002,0,0.3224189877510071,-0.6045650243759155,0.7283859848976135,0,0,0.9128890037536621,0,1
B9,mixamorig_LeftForeArm,8,-0.1008090004324913,0.9023280143737793,0.4190959930419922,0,-0.9886959791183472,-0.04386800155043602,-0.14337000250816345,0,-0.1109820008277893,-0.4288119971752167,0.8965510129928589,0,0,1.7957290410995483,0,1
B10,mixamorig_LeftHand,9,0.9846069812774658,-0.09819400310516357,0.14459100365638733,0,0.08480799943208694,0.9917610287666321,0.09600800275802612,0,-0.15282699465751648,-0.08226799964904785,0.9848229885101318,0,0,1.7206850051879883,0,1
B11,mixamorig_LeftHandThumb1,10,0.865352988243103,0.5010020136833191,0.0126740001142025,0,-0.38123199343681335,0.6416429877281189,0.6655499935150146,0,0.32530999183654785,-0.5807669758796692,0.7462459802627563,0,-0.17560100555419922,0.24643899500370026,0.10856600105762482,1
B12,mixamorig_LeftHandThumb2,11,0.9335359930992126,-0.30341199040412903,-0.19092600047588348,0,0.29319798946380615,0.9526699781417847,-0.08034799993038177,0,0.20626799762248993,0.019029000774025917,0.9783110022544861,0,-0.017123999074101448,0.25661900639533997,0,1
B13,mixamorig_LeftHandThumb3,12,0.6283360123634338,0.09019699692726135,-0.7726960182189941,0,0.3667609989643097,0.8416000008583069,0.3964810073375702,0,0.6860619783401489,-0.5325170159339905,0.49572598934173584,0,-0.011699000373482704,0.2708989977836609,0,1
B14,mixamorig_LeftHandThumb4,13,1,0,0,0,0,1,0,0,0,0,1,0,0.028822999447584152,0.23684899508953094,0,1
B15,mixamorig_LeftHandIndex1,10,0.9798099994659424,0.19682100415229797,0.03512199968099594,0,-0.06898900121450424,0.1679610013961792,0.9833769798278809,0,0.18765099346637726,-0.9659450054168701,0.17814800143241882,0,-0.22710999846458435,0.6945000290870667,0.011552000418305397,1
B16,mixamorig_LeftHandIndex2,15,0.9992560148239136,0.02254300005733967,-0.031286999583244324,0,0.020306000486016273,0.38213199377059937,0.9238839745521545,0,0.03278199955821037,-0.9238330125808716,0.3813900053501129,0,0.0031590000726282597,0.25551798939704895,0,1
B17,mixamorig_LeftHandIndex3,16,0.9961320161819458,-0.05308099836111069,-0.07002700120210648,0,0.08419600129127502,0.3485279977321625,0.9335089921951294,0,-0.025144999846816063,-0.9357939958572388,0.3516489863395691,0,-0.0008660000166855752,0.2355480045080185,0,1
B18,mixamorig_LeftHandIndex4,17,1,0,0,0,0,1,0,0,0,0,1,0,-0.0022929999977350235,0.22019299864768982,0,1
B19,mixamorig_LeftHandMiddle1,10,0.9976639747619629,0.01709499955177307,0.06614299863576889,0,-0.06728000193834305,0.07786700129508972,0.994691014289856,0,0.011854000389575958,-0.9968169927597046,0.07883600145578384,0,-0.07571899890899658,0.7342259883880615,-0.0185759998857975,1
B20,mixamorig_LeftHandMiddle2,19,0.9988660216331482,0.031282998621463776,-0.03588699921965599,0,0.027722999453544617,0.23061800003051758,0.9726489782333374,0,0.038704000413417816,-0.9725409746170044,0.22948899865150452,0,0.0030449999030679464,0.2887429893016815,0,1
B21,mixamorig_LeftHandMiddle3,20,0.9965869784355164,-0.05353900045156479,-0.06283999979496002,0,0.07870399951934814,0.3863910138607025,0.9189710021018982,0,-0.02491999976336956,-0.9207800030708313,0.38928601145744324,0,-0.00045200000749900937,0.2625980079174042,0,1
B22,mixamorig_LeftHandMiddle4,21,1,0,0,0,0,1,0,0,0,0,1,0,-0.002592999953776598,0.2471340000629425,0,1
B23,mixamorig_LeftHandRing1,10,0.9989839792251587,-0.018259000033140182,0.04119899868965149,0,-0.04093699902296066,0.014495999552309513,0.9990569949150085,0,-0.018838999792933464,-0.9997280240058899,0.0137339998036623,0,0.09050600230693817,0.7142429947853088,-0.01726200059056282,1
B24,mixamorig_LeftHandRing2,23,0.9990699887275696,-0.04159700125455856,-0.011374999769032001,0,0.029413999989628792,0.4644300043582916,0.8851209878921509,0,-0.031536001712083817,-0.8846319913864136,0.46522200107574463,0,0.0013569999719038606,0.27351000905036926,0,1
B25,mixamorig_LeftHandRing3,24,0.996753990650177,-0.07045900076627731,-0.038957998156547546,0,0.05844400078058243,0.3003929853439331,0.9520230293273926,0,-0.055376000702381134,-0.9512090086936951,0.30353599786758423,0,-0.0004970000009052455,0.25196099281311035,0,1
B26,mixamorig_LeftHandRing4,25,1,0,0,0,0,1,0,0,0,0,1,0,-0.000859999970998615,0.2432669997215271,0,1
B27,mixamorig_LeftHandPinky1,10,0.9870759844779968,-0.10620100051164627,0.12001000344753265,0,-0.11091200262308121,0.08779899775981903,0.9899439811706543,0,-0.11566899716854095,-0.990460991859436,0.07488500326871872,0,0.21232299506664276,0.6454899907112122,-0.008539999835193157,1
B28,mixamorig_LeftHandPinky2,27,0.9965710043907166,-0.06636600196361542,-0.04940500110387802,0,0.06579399853944778,0.27362799644470215,0.9595829844474792,0,-0.050165001302957535,-0.959542989730835,0.2770569920539856,0,0.0005810000002384186,0.26883000135421753,0,1
B29,mixamorig_LeftHandPinky3,28,0.9985139966011047,-0.049003999680280685,-0.023840000852942467,0,0.050342999398708344,0.6619790196418762,0.7478299736976624,0,-0.020865000784397125,-0.7479190230369568,0.6634619832038879,0,-0.00030499999411404133,0.21305499970912933,0,1
B30,mixamorig_LeftHandPinky4,29,1,0,0,0,0,1,0,0,0,0,1,0,-0.00027600000612437725,0.19907300174236298,0,1
B31,mixamorig_RightShoulder,3,-0.34893599152565,0.13278700411319733,0.9276909828186035,0,-0.932561993598938,-0.1469939947128296,-0.32972800731658936,0,0.09258099645376205,-0.980184018611908,0.17512400448322296,0,-0.4463689923286438,0.8248029947280884,-0.01810700073838234,1
B32,mixamorig_RightArm,31,0.963250994682312,-0.10198300331830978,0.24848900735378265,0,-0.1108660027384758,0.6916859745979309,0.7136380076408386,0,-0.24465499818325043,-0.7149620056152344,0.6549609899520874,0,0,0.9128890037536621,0,1
B33,mixamorig_RightForeArm,32,0.26651400327682495,-0.9638310074806213,0.0002460000105202198,0,0.9616940021514893,0.2659060060977936,-0.06662199646234512,0,0.06414700299501419,0.01799199916422367,0.9977779984474182,0,0,1.7958500385284424,0,1
B34,mixamorig_RightHand,33,0.9129930138587952,-0.3700700104236603,-0.1717350035905838,0,0.3943040072917938,0.9084709882736206,0.13857999444007874,0,0.10473199933767319,-0.19423800706863403,0.9753469824790955,0,0,1.7203259468078613,0,1
B35,mixamorig_RightHandThumb1,34,0.9685999751091003,-0.11378899961709976,0.22105799615383148,0,-0.11136200278997421,0.5963839888572693,0.794937014579773,0,-0.22228999435901642,-0.7945929765701294,0.564985990524292,0,0.17469699680805206,0.24640899896621704,0.10068199783563614,1
B36,mixamorig_RightHandThumb2,35,0.9537760019302368,-0.01658800058066845,0.3000609874725342,0,0.0764240026473999,0.9790369868278503,-0.18880100548267365,0,-0.2906390130519867,0.20300599932670593,0.9350500106811523,0,0.007493999786674976,0.25460299849510193,0,1
B37,mixamorig_RightHandThumb3,36,0.9495750069618225,0.12639500200748444,-0.2869350016117096,0,-0.20258599519729614,0.9458019733428955,-0.2538059949874878,0,0.23930400609970093,0.2991369962692261,0.9237160086631775,0,0.006668000016361475,0.2778509855270386,0,1
B38,mixamorig_RightHandThumb4,37,1,0,0,0,0,1,0,0,0,0,1,0,-0.014162000268697739,0.25592899322509766,0,1
B39,mixamorig_RightHandIndex1,34,0.9999070167541504,-0.002199999988079071,0.013481000438332558,0,-0.010672000236809254,0.49017301201820374,0.8715599775314331,0,-0.008526000194251537,-0.8716220259666443,0.49010398983955383,0,0.2302429974079132,0.6923609972000122,0.010099999606609344,1
B40,mixamorig_RightHandIndex2,39,0.9992470145225525,-0.013384000398218632,0.03642600029706955,0,-0.028164999559521675,0.39559900760650635,0.9179919958114624,0,-0.02669600024819374,-0.9183260202407837,0.39492401480674744,0,-0.0037410000804811716,0.26698100566864014,0,1
B41,mixamorig_RightHandIndex3,40,0.9961079955101013,0.05497699975967407,0.06889999657869339,0,-0.08730799704790115,0.5078690052032471,0.8569989800453186,0,0.012122999876737595,-0.8596779704093933,0.5106920003890991,0,0.0009929999941959977,0.2390100061893463,0,1
B42,mixamorig_RightHandIndex4,41,1,0,0,0,0,1,0,0,0,0,1,0,0.002747999969869852,0.2238370031118393,0,1
B43,mixamorig_RightHandMiddle1,34,0.9986860156059265,-0.051222000271081924,-0.0014100000262260437,0,0.020746000111103058,0.379040002822876,0.9251480102539062,0,-0.046852998435497284,-0.9239619970321655,0.3796049952507019,0,0.06799600273370743,0.7112129926681519,-0.006479999981820583,1
B44,mixamorig_RightHandMiddle2,43,0.9986129999160767,-0.020990999415516853,0.04827899858355522,0,-0.04608200117945671,0.09490299969911575,0.9944189786911011,0,-0.025456000119447708,-0.995265007019043,0.0938040018081665,0,-0.004373000003397465,0.2949160039424896,0,1
B45,mixamorig_RightHandMiddle3,44,0.9978020191192627,0.05902799963951111,0.030101999640464783,0,-0.0659480020403862,0.8406299948692322,0.5375800132751465,0,0.006428000051528215,-0.5383830070495605,0.8426759839057922,0,0.0009050000226125121,0.2754960060119629,0,1
B46,mixamorig_RightHandMiddle4,45,1,0,0,0,0,1,0,0,0,0,1,0,0.0034680000972002745,0.25492799282073975,0,1
B47,mixamorig_RightHandRing1,34,0.9974550008773804,0.051065001636743546,0.04976699873805046,0,-0.059158001095056534,0.20298999547958374,0.9773920178413391,0,0.0398080013692379,-0.9778479933738708,0.2054940015077591,0,-0.08370999991893768,0.7350559830665588,-0.021409999579191208,1
B48,mixamorig_RightHandRing2,47,0.9980970025062561,0.049323998391628265,0.03699500113725662,0,-0.049671001732349396,0.28775399923324585,0.9564149975776672,0,0.03652900084853172,-0.9564329981803894,0.28965699672698975,0,-0.00120599998626858,0.27184998989105225,0,1
B49,mixamorig_RightHandRing3,48,0.9978060126304626,0.06427399814128876,0.015848999843001366,0,-0.05992700159549713,0.7752689719200134,0.6287819743156433,0,0.028126999735832214,-0.6283529996871948,0.7774199843406677,0,0.00038300000596791506,0.2437489926815033,0,1
B50,mixamorig_RightHandRing4,49,1,0,0,0,0,1,0,0,0,0,1,0,0.0008229999803006649,0.23643000423908234,0,1
B51,mixamorig_RightHandPinky1,34,0.9995390176773071,-0.02054000087082386,-0.022369999438524246,0,0.02363700047135353,0.06369899958372116,0.9976890087127686,0,-0.019068000838160515,-0.9977579712867737,0.06415499746799469,0,-0.21452799439430237,0.6578540205955505,-0.009744999930262566,1
B52,mixamorig_RightHandPinky2,51,0.9972710013389587,0.06543099880218506,0.03419100120663643,0,-0.06595499813556671,0.581570029258728,0.8108180165290833,0,0.03316900134086609,-0.8108609914779663,0.5842990279197693,0,-0.0005109999910928309,0.25810301303863525,0,1
B53,mixamorig_RightHandPinky3,52,0.9995629787445068,0.028669999912381172,0.007218000013381243,0,-0.028958000242710114,0.9002270102500916,0.4344559907913208,0,0.00595899997279048,-0.43447500467300415,0.9006639719009399,0,0.0006760000251233578,0.20827099680900574,0,1
B54,mixamorig_RightHandPinky4,53,1,0,0,0,0,1,0,0,0,0,1,0,-0.00016500000492669642,0.19726599752902985,0,1
B55,mixamorig_LeftUpLeg,0,-0.6611059904098511,0.024362999945878983,0.7498970031738281,0,0.6034489870071411,-0.5766649842262268,0.5507329702377319,0,0.4458569884300232,0.816618025302887,0.3665339946746826,0,0.5077270269393921,-0.35108301043510437,-0.07067500054836273,1
B56,mixamorig_LeftLeg,55,0.9667879939079285,-0.12892499566078186,-0.22067700326442719,0,-0.07553300261497498,0.680745005607605,-0.7286159992218018,0,0.24416199326515198,0.7210860252380371,0.6483979821205139,0,0,2.8902039527893066,0,1
B57,mixamorig_LeftFoot,56,0.9900820255279541,-0.11886899918317795,0.07488100230693817,0,0.0042940001003444195,0.5583620071411133,0.8295860290527344,0,-0.1404229998588562,-0.8210369944572449,0.5533350110054016,0,0,2.636077880859375,0,1
B58,mixamorig_LeftToeBase,57,0.9983969926834106,-0.03249200060963631,0.04633500054478645,0,-0.0017369999550282955,0.8007720112800598,0.5989660024642944,0,-0.05656500160694122,-0.5980870127677917,0.7994329929351807,0,0,1.0432629585266113,0,1
B59,mixamorig_LeftToe_End,58,1,0,0,0,0,1,0,0,0,0,1,0,0,0.3789440095424652,0,1
B60,mixamorig_RightUpLeg,0,-0.7677320241928101,0.3150080144405365,-0.5579950213432312,0,-0.5427190065383911,-0.7826189994812012,0.3048979938030243,0,-0.3406519889831543,0.5369139909744263,0.7718030214309692,0,-0.5077270269393921,-0.35108301043510437,-0.05432000011205673,1
B61,mixamorig_RightLeg,60,0.9970880150794983,-0.07143300026655197,0.026714999228715897,0,0.06918200105428696,0.6997339725494385,-0.7110459804534912,0,0.03209900110960007,0.7108229994773865,0.7026379704475403,0,0,2.890990972518921,0,1
B62,mixamorig_RightFoot,61,0.8825749754905701,0.4700480103492737,-0.010735999792814255,0,-0.15056000649929047,0.3041810095310211,0.9406409859657288,0,0.4454120099544525,-0.8285700082778931,0.33923301100730896,0,0,2.635232925415039,0,1
B63,mixamorig_RightToeBase,62,0.9956470131874084,0.0015079999575391412,-0.09319400042295456,0,0.0516199991106987,0.8236010074615479,0.5648159980773926,0,0.07760600000619888,-0.5671669840812683,0.8199380040168762,0,0,1.0274200439453125,0,1
B64,mixamorig_RightToe_End,63,1,0,0,0,0,1,0,0,0,0,1,0,0,0.3812449872493744,0,1
@52,0,1,2,3,4,5,7,8,9,10,11,12,13,15,16,17,19,20,21,23,24,25,27,28,29,31,32,33,34,35,36,37,39,40,41,43,44,45,47,48,49,51,52,53,55,56,57,58,60,61,62,63
K0,0.5846030116081238,-0.01953638531267643,0.8110840320587158,0,-0.1178743839263916,0.9870570302009583,0.10873503237962723,0,-0.802711009979248,-0.15917296707630157,0.5747340321540833,0,-0.013255000114440918,5.499073028564453,0.01821500062942505,1,0.9968309998512268,-0.04095498472452164,-0.06819094717502594,0,0.04103301465511322,0.9991580247879028,-0.00025694677606225014,0,0.0681440457701683,-0.0025419469457119703,0.9976720213890076,0,0,0.6324750185012817,-0.08038199692964554,1,0.9988699555397034,0.04376890882849693,-0.01854083687067032,0,-0.04335808753967285,0.9988170266151428,0.022007884457707405,0,0.019482161849737167,-0.021179117262363434,0.9995859861373901,0,0,0.7438240051269531,0,1,0.9995750188827515,0.021104855462908745,-0.020095838233828545,0,-0.02102714590728283,0.999770998954773,0.004071143921464682,0,0.02017715945839882,-0.0036468561738729477,0.9997900128364563,0,0,0.8500829935073853,0,1,0.9850700497627258,-0.011310932226479053,-0.17178484797477722,0,0.027001066133379936,0.9956409335136414,0.0892762839794159,0,0.17002615332603455,-0.09258171916007996,0.9810810089111328,0,0,0.9563440084457397,0,1,0.9123830199241638,-0.11264322698116302,-0.3935328722000122,0,0.07962477952241898,0.9918659925460815,-0.09930222481489182,0,0.4015180468559265,0.059266772121191025,0.9139319658279419,0,0,0.5457550287246704,0.21793200075626373,1,0.1519141048192978,-0.04634697362780571,-0.9873059391975403,0,0.9704339504241943,-0.18256178498268127,0.1578879952430725,0,-0.18756206333637238,-0.9821009635925293,0.017243025824427605,0,0.4463689923286438,0.8244550228118896,-0.015371999703347683,1,0.9350460767745972,0.3232477903366089,-0.14559902250766754,0,-0.14742520451545715,0.7280189990997314,0.669517993927002,0,0.3224189579486847,-0.6045650243759155,0.7283859848976135,0,0,0.9128890037536621,0,1,-0.10080883651971817,0.9023279547691345,0.4190961420536041,0,-0.9886959791183472,-0.04386817663908005,-0.14336997270584106,0,-0.11098185926675797,-0.4288119673728943,0.8965510725975037,0,0,1.7957290410995483,0,1,0.9846070408821106,-0.09819373488426208,0.14459089934825897,0,0.08480826020240784,0.9917609691619873,0.09600815922021866,0,-0.15282708406448364,-0.08226785063743591,0.9848229885101318,0,0,1.7206850051879883,0,1,0.8653528094291687,0.5010022521018982,0.012673920020461082,0,-0.3812316656112671,0.6416432857513428,0.6655497550964355,0,0.3253098726272583,-0.5807670950889587,0.7462458610534668,0,-0.17560100555419922,0.24643899500370026,0.10856600105762482,1,0.9335359334945679,-0.30341196060180664,-0.19092600047588348,0,0.2931980490684509,0.9526699781417847,-0.08034820109605789,0,0.20626798272132874,0.0190287996083498,0.9783110022544861,0,-0.017123999074101448,0.25661900639533997,0,1,0.6283357739448547,0.09019716084003448,-0.7726961374282837,0,0.366761177778244,0.8416000604629517,0.3964807093143463,0,0.686061680316925,-0.5325172543525696,0.4957260191440582,0,-0.011699000373482704,0.2708989977836609,0,1,0.9798099398612976,0.19682127237319946,0.0351213775575161,0,-0.06898873299360275,0.1679610311985016,0.9833769798278809,0,0.1876503974199295,-0.9659450054168701,0.17814823985099792,0,-0.22710999846458435,0.6945000290870667,0.011552000418305397,1,0.9992560148239136,0.022542830556631088,-0.03128645196557045,0,0.020305832847952843,0.38213178515434265,0.9238840937614441,0,0.03278254345059395,-0.9238330125808716,0.38139012455940247,0,0.0031590000726282597,0.25551798939704895,0,1,0.9961320757865906,-0.05308056250214577,-0.07002685964107513,0,0.08419643342494965,0.34852802753448486,0.9335088729858398,0,-0.025144854560494423,-0.9357938766479492,0.3516490161418915,0,-0.0008660000166855752,0.2355480045080185,0,1,0.9976639747619629,0.017094988375902176,0.06614285707473755,0,-0.06728000938892365,0.07786734402179718,0.9946909546852112,0,0.011853857897222042,-0.9968169927597046,0.07883556187152863,0,-0.07571899890899658,0.7342259883880615,-0.0185759998857975,1,0.9988660216331482,0.031282905489206314,-0.035887423902750015,0,0.027722908183932304,0.23061791062355042,0.9726490378379822,0,0.03870357573032379,-0.9725409746170044,0.22948914766311646,0,0.0030449999030679464,0.2887429893016815,0,1,0.9965869784355164,-0.05353913828730583,-0.0628400668501854,0,0.0787038579583168,0.3863910436630249,0.9189710021018982,0,-0.024920068681240082,-0.9207800626754761,0.3892859220504761,0,-0.00045200000749900937,0.2625980079174042,0,1,0.9989839792251587,-0.01825903169810772,0.0411989763379097,0,-0.04093703255057335,0.01449605543166399,0.9990571141242981,0,-0.018839027732610703,-0.9997280836105347,0.013733848929405212,0,0.09050600230693817,0.7142429947853088,-0.01726200059056282,1,0.9990699887275696,-0.0415969081223011,-0.011374583467841148,0,0.029414096847176552,0.46443018317222595,0.8851208686828613,0,-0.03153558447957039,-0.8846321702003479,0.46522170305252075,0,0.0013569999719038606,0.27351000905036926,0,1,0.996753990650177,-0.07045905292034149,-0.03895791620016098,0,0.058443956077098846,0.30039316415786743,0.9520229697227478,0,-0.05537591874599457,-0.9512090086936951,0.3035358488559723,0,-0.0004970000009052455,0.25196099281311035,0,1,0.9870760440826416,-0.10620076954364777,0.12000945955514908,0,-0.1109117716550827,0.08779872208833694,0.9899439811706543,0,-0.11566954106092453,-0.9904608726501465,0.07488512992858887,0,0.21232299506664276,0.6454899907112122,-0.008539999835193157,1,0.9965709447860718,-0.06636626273393631,-0.04940525069832802,0,0.06579373776912689,0.27362844347953796,0.9595829248428345,0,-0.05016525089740753,-0.9595431089401245,0.27705666422843933,0,0.0005810000002384186,0.26883000135421753,0,1,0.99851393699646,-0.04900413006544113,-0.02384011074900627,0,0.0503428652882576,0.6619788408279419,0.7478299736976624,0,-0.02086511254310608,-0.7479188442230225,0.6634621024131775,0,-0.00030499999411404133,0.21305499970912933,0,1,-0.3489363193511963,0.13278719782829285,0.9276908040046692,0,-0.9325619339942932,-0.146993950009346,-0.3297281563282013,0,0.09258133918046951,-0.9801840782165527,0.175123929977417,0,-0.4463689923286438,0.8248029947280884,-0.01810700073838234,1,0.9632510542869568,-0.10198251903057098,0.24848896265029907,0,-0.1108655259013176,0.6916859149932861,0.7136381268501282,0,-0.2446550577878952,-0.7149618268013,0.6549611687660217,0,0,0.9128890037536621,0,1,0.26651400327682495,-0.9638310074806213,0.0002458574599586427,0,0.9616940021514893,0.26590606570243835,-0.06662189215421677,0,0.06414686143398285,0.017992105334997177,0.9977779984474182,0,0,1.7958500385284424,0,1,0.9129930138587952,-0.3700699508190155,-0.171735018491745,0,0.3943040668964386,0.9084709882736206,0.13857989013195038,0,0.1047319546341896,-0.19423812627792358,0.9753469228744507,0,0,1.7203259468078613,0,1,0.9686000347137451,-0.11378886550664902,0.22105777263641357,0,-0.11136186867952347,0.5963841080665588,0.794937014579773,0,-0.22229023277759552,-0.794593095779419,0.5649857521057129,0,0.17469699680805206,0.24640899896621704,0.10068199783563614,1,0.9537760615348816,-0.01658763736486435,0.3000609278678894,0,0.07642436027526855,0.9790369272232056,-0.18880103528499603,0,-0.29063907265663147,0.20300593972206116,0.9350499510765076,0,0.007493999786674976,0.25460299849510193,0,1,0.9495749473571777,0.12639504671096802,-0.286935031414032,0,-0.20258593559265137,0.9458019733428955,-0.25380605459213257,0,0.23930397629737854,0.2991369962692261,0.923716127872467,0,0.006668000016361475,0.2778509855270386,0,1,0.9999070763587952,-0.0022002162877470255,0.013481243513524532,0,-0.01067221537232399,0.4901731312274933,0.8715599179267883,0,-0.008525758050382137,-0.8716221451759338,0.49010375142097473,0,0.2302429974079132,0.6923609972000122,0.010099999606609344,1,0.9992469549179077,-0.013383985497057438,0.03642566502094269,0,-0.02816498652100563,0.3955990970134735,0.9179919958114624,0,-0.026696333661675453,-0.9183260202407837,0.39492395520210266,0,-0.0037410000804811716,0.26698100566864014,0,1,0.9961079359054565,0.05497691035270691,0.068899966776371,0,-0.08730808645486832,0.5078691244125366,0.8569989800453186,0,0.012122975662350655,-0.8596780896186829,0.5106918811798096,0,0.0009929999941959977,0.2390100061893463,0,1,0.9986860156059265,-0.05122137442231178,-0.001409950666129589,0,0.02074662409722805,0.3790399730205536,0.9251480102539062,0,-0.046852946281433105,-0.9239620566368103,0.3796048164367676,0,0.06799600273370743,0.7112129926681519,-0.006479999981820583,1,0.9986129999160767,-0.020990824326872826,0.048279449343681335,0,-0.04608182981610298,0.09490301460027695,0.9944189786911011,0,-0.025455549359321594,-0.9952649474143982,0.09380413591861725,0,-0.004373000003397465,0.2949160039424896,0,1,0.9978020191192627,0.059028107672929764,0.03010181337594986,0,-0.06594789028167725,0.840630292892456,0.5375795960426331,0,0.006427813787013292,-0.538383424282074,0.8426757454872131,0,0.0009050000226125121,0.2754960060119629,0,1,0.9974550604820251,0.051064833998680115,0.049767106771469116,0,-0.05915817245841026,0.20298993587493896,0.9773920178413391,0,0.039808109402656555,-0.9778479337692261,0.20549409091472626,0,-0.08370999991893768,0.7350559830665588,-0.021409999579191208,1,0.9980970025062561,0.04932444170117378,0.03699514642357826,0,-0.04967055097222328,0.28775426745414734,0.9564148783683777,0,0.03652914613485336,-0.9564329981803894,0.2896568179130554,0,-0.00120599998626858,0.27184998989105225,0,1,0.9978060126304626,0.0642741397023201,0.015849120914936066,0,-0.05992686375975609,0.7752688527107239,0.6287821531295776,0,0.028127122670412064,-0.6283528208732605,0.777420163154602,0,0.00038300000596791506,0.2437489926815033,0,1,0.9995390176773071,-0.02053990587592125,-0.022369524464011192,0,0.02363709546625614,0.06369895488023758,0.9976890087127686,0,-0.01906752586364746,-0.9977579712867737,0.06415510922670364,0,-0.21452799439430237,0.6578540205955505,-0.009744999930262566,1,0.9972710013389587,0.06543100625276566,0.034190498292446136,0,-0.06595497578382492,0.581570029258728,0.810818076133728,0,0.033168502151966095,-0.8108611106872559,0.5842990279197693,0,-0.0005109999910928309,0.25810301303863525,0,1,0.9995629787445068,0.02867008000612259,0.007217498496174812,0,-0.028957920148968697,0.9002270698547363,0.434455931186676,0,0.005958498455584049,-0.4344750940799713,0.9006639122962952,0,0.0006760000251233578,0.20827099680900574,0,1,-0.6611058712005615,0.024363195523619652,0.7498971223831177,0,0.6034491658210754,-0.5766646265983582,0.5507331490516663,0,0.44585686922073364,0.8166179060935974,0.3665345013141632,0,0.5077270269393921,-0.35108301043510437,-0.07067500054836273,1,0.9667879343032837,-0.12892475724220276,-0.22067728638648987,0,-0.07553275674581528,0.6807448863983154,-0.7286160588264465,0,0.2441616654396057,0.7210859060287476,0.6483981609344482,0,0,2.8902039527893066,0,1,0.9900820255279541,-0.118868887424469,0.0748811662197113,0,0.0042941090650856495,0.5583621263504028,0.8295859694480896,0,-0.14042283594608307,-0.8210369944572449,0.5533350110054016,0,0,2.636077880859375,0,1,0.9983969926834106,-0.0324920192360878,0.04633474722504616,0,-0.001737019862048328,0.8007720708847046,0.5989659428596497,0,-0.05656525120139122,-0.5980870723724365,0.7994329333305359,0,0,1.0432629585266113,0,1,-0.7677320241928101,0.3150080740451813,-0.5579947829246521,0,-0.5427188873291016,-0.782619059085846,0.3048977553844452,0,-0.34065213799476624,0.5369141697883606,0.7718027830123901,0,-0.5077270269393921,-0.35108301043510437,-0.05432000011205673,1,0.9970880150794983,-0.07143348455429077,0.02671503834426403,0,0.06918151676654816,0.699734091758728,-0.7110458612442017,0,0.03209903836250305,0.7108230590820312,0.7026379108428955,0,0,2.890990972518921,0,1,0.8825750946998596,0.4700477719306946,-0.010736058466136456,0,-0.15056028962135315,0.3041808009147644,0.9406410455703735,0,0.4454119801521301,-0.8285700678825378,0.3392329812049866,0,0,2.635232925415039,0,1,0.9956470727920532,0.001508010784164071,-0.09319378435611725,0,0.0516200065612793,0.8236011862754822,0.5648156404495239,0,0.0776062086224556,-0.567167341709137,0.8199377655982971,0,0,1.0274200439453125,0,1
K0.034,0.5741346478462219,-0.024128912016749382,0.8184049725532532,0,-0.11289037764072418,0.9876857995986938,0.10831564664840698,0,-0.810940682888031,-0.15457786619663239,0.5643408894538879,0,0.019665958359837532,5.484177112579346,0.0013745430624112487,1,0.9972454905509949,-0.03855420649051666,-0.06336954236030579,0,0.03849093243479729,0.9992561340332031,-0.002218980574980378,0,0.06340798735618591,-0.00022628465376328677,0.9979881644248962,0,0,0.6324750185012817,-0.08038199692964554,1,0.9990708231925964,0.0400148443877697,-0.015997137874364853,0,-0.03947114199399948,0.9986770749092102,0.032970987260341644,0,0.017295293509960175,-0.0323089063167572,0.9993278980255127,0,0,0.7438240051269531,0,1,0.9996667504310608,0.018865643069148064,-0.017642086371779442,0,-0.01858029142022133,0.9996960759162903,0.016200385987758636,0,0.017942354083061218,-0.015867190435528755,0.9997133612632751,0,0,0.8500829935073853,0,1,0.9822468757629395,-0.015150130726397038,-0.18697717785835266,0,0.03531563654541969,0.9938449859619141,0.10499566048383713,0,0.1842358112335205,-0.10973498225212097,0.9767371416091919,0,0,0.9563440084457397,0,1,0.9194797277450562,-0.11674103885889053,-0.37540555000305176,0,0.07791183888912201,0.9900650382041931,-0.11705438047647476,0,0.3853406608104706,0.0783805325627327,0.9194395542144775,0,0,0.5457550287246704,0.21793200075626373,1,0.14549550414085388,-0.0438147597014904,-0.9883877038955688,0,0.9662613868713379,-0.20831502974033356,0.15147292613983154,0,-0.2125328630208969,-0.9770801663398743,0.012027589604258537,0,0.4463689923286438,0.8244550228118896,-0.015371999703347683,1,0.9333818554878235,0.33149847388267517,-0.1375005543231964,0,-0.163644939661026,0.7341142296791077,0.6590119004249573,0,0.3194025754928589,-0.5926085710525513,0.7394570708274841,0,0,0.9128890037536621,0,1,0.004541539121419191,0.9338961243629456,0.35751500725746155,0,-0.9872090220451355,0.061163656413555145,-0.1472303569316864,0,-0.15936487913131714,-0.3522736132144928,0.9222291707992554,0,0,1.7957290410995483,0,1,0.9858518838882446,-0.04822729527950287,0.16053156554698944,0,0.03928370028734207,0.9975183010101318,0.058428965508937836,0,-0.16295109689235687,-0.05129604786634445,0.9853001236915588,0,0,1.7206850051879883,0,1,0.8634399175643921,0.5041955709457397,0.016082488000392914,0,-0.3870046138763428,0.6416260004043579,0.6622257232666016,0,0.3235725462436676,-0.5780165195465088,0.749131977558136,0,-0.17560100555419922,0.24643899500370026,0.10856600105762482,1,0.9333113431930542,-0.3041050136089325,-0.19091708958148956,0,0.2938590943813324,0.952447235584259,-0.08056877553462982,0,0.2063397765159607,0.019093027338385582,0.9782935976982117,0,-0.017123999074101448,0.25661900639533997,0,1,0.6321081519126892,0.08805101364850998,-0.7698609828948975,0,0.36148321628570557,0.8452830910682678,0.39347949624061584,0,0.6853969097137451,-0.5270135402679443,0.5024814605712891,0,-0.011699000373482704,0.2708989977836609,0,1,0.9797925353050232,0.1970338374376297,0.0344163253903389,0,-0.07045552134513855,0.1789434403181076,0.9813331961631775,0,0.18719737231731415,-0.9639283418655396,0.18920966982841492,0,-0.22710999846458435,0.6945000290870667,0.011552000418305397,1,0.9992642998695374,0.02264801412820816,-0.030957182869315147,0,0.019702348858118057,0.389404833316803,0.9208558201789856,0,0.03291042894124985,-0.9207882285118103,0.3886721134185791,0,0.0031590000726282597,0.25551798939704895,0,1,0.996159017086029,-0.05303523316979408,-0.06967718154191971,0,0.08404766768217087,0.3558410704135895,0.9307599067687988,0,-0.024569056928157806,-0.9330406188964844,0.3589315414428711,0,-0.0008660000166855752,0.2355480045080185,0,1,0.9976308345794678,0.017245521768927574,0.06660503894090652,0,-0.0678774043917656,0.08857719600200653,0.9937540888786316,0,0.011238109320402145,-0.9959195852279663,0.08953782171010971,0,-0.07571899890899658,0.7342259883880615,-0.0185759998857975,1,0.998874306678772,0.03133649006485939,-0.03561091795563698,0,0.0271903108805418,0.2369086742401123,0.9711512327194214,0,0.038869015872478485,-0.971026599407196,0.23579001426696777,0,0.0030449999030679464,0.2887429893016815,0,1,0.9966098666191101,-0.05351491644978523,-0.062483906745910645,0,0.07855765521526337,0.39351141452789307,0.9159574508666992,0,-0.024429263547062874,-0.9177612066268921,0.39638155698776245,0,-0.00045200000749900937,0.2625980079174042,0,1,0.9989652633666992,-0.01818293333053589,0.04168209061026573,0,-0.041246138513088226,0.023727132007479668,0.9988676309585571,0,-0.019151339307427406,-0.9995532035827637,0.022952603176236153,0,0.09050600230693817,0.7142429947853088,-0.01726200059056282,1,0.9990792274475098,-0.04143233969807625,-0.011132648214697838,0,0.029255932196974754,0.46816346049308777,0.8831578493118286,0,-0.031379375606775284,-0.8826698660850525,0.4689442217350006,0,0.0013569999719038606,0.27351000905036926,0,1,0.9967778921127319,-0.07035521417856216,-0.03853178396821022,0,0.05846985802054405,0.3083929419517517,0.9494605660438538,0,-0.05491653084754944,-0.948653519153595,0.31151270866394043,0,-0.0004970000009052455,0.25196099281311035,0,1,0.9870211482048035,-0.10613591223955154,0.1205185055732727,0,-0.11052006483078003,0.09553708136081696,0.9892715811729431,0,-0.11651118099689484,-0.9897512793540955,0.08256693184375763,0,0.21232299506664276,0.6454899907112122,-0.008539999835193157,1,0.9965927600860596,-0.06628311425447464,-0.04909265786409378,0,0.06571497768163681,0.2783335745334625,0.9582340121269226,0,-0.049850594252347946,-0.9581950306892395,0.2817409336566925,0,0.0005810000002384186,0.26883000135421753,0,1,0.998526394367218,-0.04884851351380348,-0.023656142875552177,0,0.0501779168844223,0.664718508720398,0.7454075217247009,0,-0.020687352865934372,-0.7454953193664551,0.6661893725395203,0,-0.00030499999411404133,0.21305499970912933,0,1,-0.34299683570861816,0.13011039793491364,0.9302816390991211,0,-0.9343476891517639,-0.14919157326221466,-0.3236299157142639,0,0.09668263047933578,-0.9802107214927673,0.17274071276187897,0,-0.4463689923286438,0.8248029947280884,-0.01810700073838234,1,0.9643422365188599,-0.09765546023845673,0.24598157405853271,0,-0.11114253848791122,0.6940754652023315,0.7112715244293213,0,-0.240189328789711,-0.7132481932640076,0.6584726572036743,0,0,0.9128890037536621,0,1,0.31127792596817017,-0.950316309928894,-0.0023323383647948503,0,0.9482062458992004,0.31074851751327515,-0.0658763200044632,0,0.0633281022310257,0.018294302746653557,0.9978249073028564,0,0,1.7958500385284424,0,1,0.9190513491630554,-0.35910946130752563,-0.16243386268615723,0,0.38218772411346436,0.9126969575881958,0.14462517201900482,0,0.09631670266389847,-0.1949983388185501,0.9760633707046509,0,0,1.7203259468078613,0,1,0.9686000347137451,-0.11378924548625946,0.22105750441551208,0,-0.11136124283075333,0.5963844656944275,0.7949364185333252,0,-0.22229045629501343,-0.7945926189422607,0.5649862885475159,0,0.17469699680805206,0.24640899896621704,0.10068199783563614,1,0.9537760615348816,-0.016587629914283752,0.3000609278678894,0,0.07642435282468796,0.9790369272232056,-0.18880103528499603,0,-0.29063907265663147,0.20300593972206116,0.9350499510765076,0,0.007493999786674976,0.25460299849510193,0,1,0.9495749473571777,0.1263951063156128,-0.286935031414032,0,-0.20258589088916779,0.9458021521568298,-0.25380560755729675,0,0.23930397629737854,0.2991364300251007,0.9237158894538879,0,0.006668000016361475,0.2778509855270386,0,1,0.9999070763587952,-0.0022000011522322893,0.01348202209919691,0,-0.010672999545931816,0.4901731312274933,0.8715599179267883,0,-0.008525951765477657,-0.8716222047805786,0.49010375142097473,0,0.2302429974079132,0.6923609972000122,0.010099999606609344,1,0.9992470145225525,-0.01338412705808878,0.036427002400159836,0,-0.02816612645983696,0.395598828792572,0.917991042137146,0,-0.02669699676334858,-0.9183260798454285,0.3949240744113922,0,-0.0037410000804811716,0.26698100566864014,0,1,0.9961079955101013,0.054976124316453934,0.06890018284320831,0,-0.0873078778386116,0.5078691840171814,0.8569989800453186,0,0.01212218776345253,-0.8596781492233276,0.5106918215751648,0,0.0009929999941959977,0.2390100061893463,0,1,0.9986860156059265,-0.051221705973148346,-0.0014094574144110084,0,0.020746292546391487,0.3790399730205536,0.9251480102539062,0,-0.0468534417450428,-0.9239620566368103,0.3796047866344452,0,0.06799600273370743,0.7112129926681519,-0.006479999981820583,1,0.9986129999160767,-0.02099085971713066,0.04827946424484253,0,-0.04608185961842537,0.09490188211202621,0.9944189786911011,0,-0.02545553259551525,-0.995265007019043,0.09380299597978592,0,-0.004373000003397465,0.2949160039424896,0,1,0.9978020191192627,0.05902813747525215,0.030101807788014412,0,-0.06594787538051605,0.840630054473877,0.5375789999961853,0,0.006427808664739132,-0.5383830666542053,0.8426759839057922,0,0.0009050000226125121,0.2754960060119629,0,1,0.9974550008773804,0.051064327359199524,0.04976668953895569,0,-0.05915766581892967,0.20298998057842255,0.9773920178413391,0,0.03980770334601402,-0.9778479337692261,0.20549409091472626,0,-0.08370999991893768,0.7350559830665588,-0.021409999579191208,1,0.9980970621109009,0.049323949962854385,0.03699478134512901,0,-0.049670055508613586,0.2877542972564697,0.9564148783683777,0,0.036528781056404114,-0.9564329981803894,0.2896568179130554,0,-0.00120599998626858,0.27184998989105225,0,1,0.9978060126304626,0.0642741471529007,0.015849117189645767,0,-0.059926871210336685,0.7752688527107239,0.6287821531295776,0,0.02812713198363781,-0.6283528208732605,0.777420163154602,0,0.00038300000596791506,0.2437489926815033,0,1,0.9995390176773071,-0.02053990587592125,-0.022369524464011192,0,0.02363709546625614,0.06369895488023758,0.9976890087127686,0,-0.01906752586364746,-0.9977579712867737,0.06415510922670364,0,-0.21452799439430237,0.6578540205955505,-0.009744999930262566,1,0.9972710013389587,0.06543100625276566,0.034190498292446136,0,-0.06595497578382492,0.581570029258728,0.810818076133728,0,0.033168502151966095,-0.8108611106872559,0.5842990279197693,0,-0.0005109999910928309,0.25810301303863525,0,1,0.9995629787445068,0.02867020107805729,0.007217000238597393,0,-0.02895781211555004,0.9002270698547363,0.434455931186676,0,0.005959000438451767,-0.4344750642776489,0.9006639122962952,0,0.0006760000251233578,0.20827099680900574,0,1,-0.6636090278625488,0.01462483312934637,0.7479360699653625,0,0.609038770198822,-0.5699999332427979,0.5515174269676208,0,0.4343896806240082,0.8215145468711853,0.3693503141403198,0,0.5077270269393921,-0.35108301043510437,-0.07067500054836273,1,0.9707633852958679,-0.11865828931331635,-0.2086610645055771,0,-0.07599639892578125,0.6726323962211609,-0.7360641360282898,0,0.22769226133823395,0.7304014563560486,0.6439491510391235,0,0,2.8902039527893066,0,1,0.9897451400756836,-0.12166671454906464,0.0748412013053894,0,0.005690588615834713,0.557110071182251,0.8304185271263123,0,-0.14272920787334442,-0.8214775919914246,0.5520898103713989,0,0,2.636077880859375,0,1,0.9983969330787659,-0.032491352409124374,0.046334411948919296,0,-0.001737354090437293,0.8007720708847046,0.5989658832550049,0,-0.056564588099718094,-0.5980870723724365,0.7994329929351807,0,0,1.0432629585266113,0,1,-0.7615275979042053,0.28977853059768677,-0.5797449946403503,0,-0.5419820547103882,-0.7752431035041809,0.32442790269851685,0,-0.3554311692714691,0.5612723231315613,0.7474240064620972,0,-0.5077270269393921,-0.35108301043510437,-0.05432000011205673,1,0.9949851632118225,-0.059727687388658524,0.08023788034915924,0,0.09933788329362869,0.6840512156486511,-0.7226377725601196,0,-0.011725337244570255,0.7269843816757202,0.6865538954734802,0,0,2.890990972518921,0,1,0.8847188949584961,0.46541422605514526,-0.02574083022773266,0,-0.1362108439207077,0.3109499216079712,0.9406147599220276,0,0.44577962160110474,-0.8286735415458679,0.33849772810935974,0,0,2.635232925415039,0,1,0.9936449527740479,-0.019497884437441826,-0.11086247116327286,0,0.07941833883523941,0.8193920254707336,0.5677053928375244,0,0.07977072894573212,-0.5729017853736877,0.8157328367233276,0,0,1.0274200439453125,0,1
